10 11 2 3 1 14 16 17 1 15 8 6 13 4 9 7 12 5
10 11 2 3 1 14 16 17 15 8 6 13 4 9 7 5 12
20
10 11 8 6 4 9 7 12
10 11 2 3 1 14 16 17 1 15 8 6 13 4 9 7 12 5
10 11 2 16 17 1 3 15 14 8 6 13 4 9 7 12 5
20
279 78 78 78
10 11 2 3 1 14 16 17 15 8 6 13 4 9 7 12 5
20
20
10 11 2 3 1 14 16 17 1 15 8 6 13 4 9 7 5 12
10 11 2 3 1 13 4 25 8 6 4 9 27 26 7 12 5
10 11 2 2 2 2 3 3 3 1 3 1 1 1 28 23 5 5 5 5 1 1 1 1
10 11 2 3 1 14 16 17 1 15 8 6 13 4 9 7 12 5
10 11 2 16 17 1 3 15 14 8 6 13 4 9 7 12 5
10 11 2 3 1 14 16 17 1 15 8 6 13 4 9 7 12 5
191 127 127 127
10 11 2 16 17 1 3 14 15 8 6 13 4 9 7 12 5
10 11 2 16 17 1 3 14 15 1 8 6 13 4 9 7 12 5
10 11 2 16 17 1 3 15 14 8 6 13 4 9 7 12 5
10 11 2 16 17 1 3 14 15 8 6 13 4 9 5 7 12
10 11 2 3 1 14 16 17 1 15 8 6 13 4 9 7 12 5
10 11 2 3 1 14 16 17 1 15 1 8 6 13 4 9 7 12 5
10 11 2 3 1 14 16 17 1 15 8 6 13 4 9 7 12 5
10 11 2 3 1 14 16 17 15 1 8 6 13 4 36 9 7 12 5
20
20
10 11 2 3 1 14 16 17 1 15 8 6 13 4 9 5 7 12
10 11 2 3 1 14 16 17 15 8 6 13 4 9 7 12 5
10 11 2 16 17 1 3 15 14 8 6 13 4 9 7 12 5
20
20
10 11 2 3 1 14 16 17 1 15 8 6 13 4 9 5 7 12
10 11 2 3 1 14 16 17 1 15 8 6 13 4 9 7 12 5
20
10 11 2 3 1 13 4 25 8 6 4 9 27 26 7 12 5
20
10 11 2 3 1 14 16 17 1 15 8 6 13 4 9 7 12 1 5
10 11 2 3 1 14 16 17 1 15 8 6 13 4 9 7 12 5
20
10 11 2 3 1 14 16 17 1 15 8 6 13 4 9 22 7 12 5
10 11 2 16 17 1 3 14 15 8 6 13 4 9 7 12 5
20
209 136 136 136
10 11 2 16 17 1 3 14 15 8 6 13 4 9 7 12 5
10 11 2 3 1 14 16 17 1 15 8 6 13 4 9 7 12 5
20
20
20
20
20
20
10 11 2 3 1 14 16 17 1 15 8 6 13 4 9 7 12 5
10 11 2 16 17 1 3 14 15 8 6 13 4 9 7 12 5
10 11 2 3 1 14 16 17 1 15 8 6 13 4 9 7 5 12
20
10 11 2 3 1 14 16 17 1 15 8 6 13 4 9 7 12 5
10 11 2 3 1 13 4 25 8 6 4 9 27 26 7 12 5
10 11 2 2 2 2 3 3 3 3 1 1 1 1 28 23 5 5 5 5 1 1 1 1 8 6 13 4 9 34 7 12 29 4 33 8 6 4 9 7
236 105 105 105
268 99 99 99
20
20
20
10 11 2 16 17 1 3 15 14 8 6 13 4 9 7 12 5
20
280 90 90 90
20
20
10 11 2 3 1 14 16 17 1 15 8 6 13 4 9 7 12 5
10 11 2 3 1 14 16 17 1 15 1 8 6 13 4 9 7 12 5
10 11 2 16 17 1 3 15 14 8 6 13 4 9 7 12 5
10 11 2 3 1 14 16 17 1 15 8 6 13 4 9 7 12 5
10 11 2 3 1 14 16 17 1 15 8 6 13 4 9 7 12 5
10 11 2 3 1 14 16 17 15 8 6 13 4 9 7 12 5
20
10 11 2 3 1 14 16 17 1 15 8 6 13 4 36 9 7 12 5
10 11 2 3 1 14 16 17 1 15 8 6 13 4 9 7 12 5
10 11 35 13 4 42 8 6 4 9 43 7 12
20
10 11 2 16 17 1 3 14 15 8 6 13 4 9 7 12 5
20
20
10 11 2 3 1 14 16 17 1 15 8 6 13 4 9 7 12 5
10 11 2 16 17 1 3 15 14 8 6 13 4 9 7 12 5
226 103 103 103
20
10 45 11 2 2 2 2 3 3 3 3 1 1 1 1 28 23 5 5 5 5 1 1 1 1 8 6 13 4 9 7 34 12 29 4 33 8 6 4 9 7
10 11 48 13 4 142 8 6 4 9 177 7 12
10 11 2 3 1 14 16 17 1 15 8 6 13 4 9 7 12 22 5
10 11 2 3 1 14 16 17 15 8 6 13 4 9 7 5 12
10 11 2 3 1 14 16 17 1 15 8 6 13 4 9 7 12 5
10 11 2 16 17 1 3 14 15 8 6 13 4 9 7 12 22 5
20
20
10 11 2 16 17 1 3 14 15 8 6 13 4 36 9 7 12 5
20
10 11 2 3 1 14 16 17 15 8 6 13 4 9 7 5 12
10 11 2 3 1 14 16 17 15 8 6 13 4 9 7 12 5
10 11 2 3 1 14 16 17 1 15 8 6 13 4 9 7 12 5
10 11 2 16 17 1 3 15 14 8 6 13 4 9 22 7 12 5
20
10 11 2 3 1 14 16 17 15 8 6 13 4 9 22 5 7 12
225 201
10 11 2 3 1 14 16 17 1 15 8 6 13 4 9 7 5 12
20
10 11 2 3 1 14 16 17 1 15 8 6 13 4 9 5 7 12
10 11 2 3 1 14 16 17 1 15 8 6 13 4 9 22 5 7 12
20
20
10 11 2 16 17 1 3 14 15 8 6 13 4 9 7 12 5
10 11 2 3 1 14 16 17 1 15 8 6 13 4 9 7 12 5
10 11 2 3 1 14 16 17 1 15 8 6 13 4 9 7 12 5 1
20
10 11 2 3 1 14 16 17 1 15 8 6 13 4 9 5 7 12
10 11 2 3 1 14 16 17 15 8 6 13 4 9 7 5 12
10 11 2 2 2 2 3 3 3 3 1 1 1 1 28 23 1 5 5 5 5 1 1 1 1 29 13 4 25 8 22 6 4 9 27 26 7 12 1 8 6 4 9 7
10 11 2 3 1 14 16 17 1 15 8 6 13 4 9 7 12 5
10 11 2 16 17 1 3 15 14 8 6 13 4 9 7 12 5
10 11 2 3 1 14 16 17 1 15 8 6 13 4 9 7 12 5
20
10 11 35 13 4 42 8 6 4 9 43 7 12
10 11 2 3 1 14 16 17 15 8 6 13 4 9 7 5 12
10 11 2 3 1 14 16 17 1 15 8 6 13 4 9 5 7 12
20
20
10 11 2 3 1 14 16 17 1 15 8 6 13 4 9 7 12 5
10 11 2 3 1 14 16 17 1 15 8 6 13 4 9 7 12 5
20
10 11 2 3 1 14 16 17 1 15 8 6 13 4 9 7 12 5
10 11 2 16 17 1 3 15 14 8 6 13 4 9 7 12 5
20
20
20
207 140 140 140
20
20
10 11 2 3 1 14 16 17 1 15 8 6 13 4 9 22 7 12 5
10 11 2 3 1 14 16 17 1 15 8 6 13 4 9 7 12 5
10 11 2 3 1 13 4 25 8 6 4 9 27 26 7 12 5
10 11 2 3 1 14 16 17 1 15 8 6 13 4 9 7 12 5
10 11 2 3 1 14 16 17 1 15 8 6 13 4 9 7 12 5
10 11 2 16 17 1 3 14 15 8 6 13 4 9 22 7 5 12
10 11 2 16 17 1 3 14 15 1 8 6 13 4 9 7 12 5
10 11 2 3 1 14 16 17 1 15 8 6 13 4 9 5 7 12
20
20
10 11 2 3 1 14 16 17 15 1 8 6 13 4 9 7 12 5
245 131 131 131
20
10 11 2 3 1 14 16 17 15 8 6 13 4 9 7 12 5
20
10 11 2 16 17 1 3 15 14 8 6 13 4 9 7 12 5
10 11 2 3 1 14 16 17 1 15 8 6 13 4 9 5 7 12
20
10 11 2 16 17 1 3 15 14 8 6 13 4 9 22 7 12 5
10 11 2 16 17 1 3 14 15 8 6 13 4 9 7 12 5
10 11 2 3 1 14 16 17 1 15 8 6 13 4 9 7 12 5
10 11 2 3 1 14 16 17 1 15 8 6 13 4 9 7 12 5
227 101 101 101
10 11 2 3 1 14 16 17 15 8 6 13 4 9 22 7 12 5
20
10 11 2 16 17 1 3 14 15 8 6 13 4 9 7 12 5
20
20
20
10 11 2 3 1 14 16 17 1 15 8 6 13 4 9 7 12 5
10 11 28 2 2 2 2 3 3 3 3 1 1 1 1 23 5 5 5 5 1 1 1 1 8 6 13 4 9 34 7 12 29 4 33 8 6 4 9 7 1
10 11 2 3 1 14 16 17 15 1 8 6 13 4 9 7 12 5
20
10 11 2 16 17 15 3 14 8 6 13 4 9 7 45 5 12
20
10 11 2 3 1 14 16 17 1 15 8 6 13 4 9 7 12 5
10 11 2 3 1 14 16 17 1 15 8 6 13 4 9 7 5 12
20
20
10 11 2 3 1 14 16 17 1 15 8 6 13 4 9 5 7 12
20
20
10 11 2 3 1 14 16 17 1 15 8 6 13 4 9 7 12 5
10 11 2 3 1 14 16 17 1 15 8 6 13 4 9 7 5 12
10 11 2 3 1 14 16 17 1 15 8 6 13 4 9 7 12 5
20
20
20
10 11 2 3 1 14 16 17 1 15 8 6 13 4 9 7 12 5
20
10 11 2 3 1 14 16 17 1 15 8 6 13 4 9 7 5 12
10 11 2 16 17 1 3 15 14 1 8 6 13 4 9 7 12 5
10 11 2 3 1 14 16 17 1 15 8 6 13 4 9 7 12 5
184 56 56 56
10 11 2 3 1 14 16 17 1 15 8 6 13 4 9 22 7 12 5
20
20
10 11 2 3 1 14 16 17 1 15 8 6 13 4 9 7 5 12
20
10 11 2 3 1 14 16 17 1 15 8 6 13 4 9 7 12 5
20
10 11 2 3 1 14 16 17 1 15 8 6 13 4 9 7 5 12
237 108 108 108
10 11 2 3 1 14 16 17 15 1 8 6 13 4 9 7 12 5
20
10 11 2 3 1 14 16 17 1 15 8 6 13 4 9 7 12 5
20
282 79 79 79
10 11 48 13 4 7 12
10 11 2 3 1 14 16 17 1 15 8 6 13 4 9 7 12 5
215 132 132 132
20
10 11 2 3 1 14 16 17 1 15 8 6 13 4 9 7 12 5
20
10 11 2 3 1 14 16 17 15 8 6 13 4 9 22 7 5 12
20
10 11 2 16 17 1 3 14 15 8 6 13 4 9 7 12 5
20
20
10 11 2 3 1 14 16 17 15 8 6 13 4 9 7 12 5
10 11 2 3 1 13 4 25 8 6 4 9 27 26 7 12 5
10 11 2 16 17 15 3 14 8 6 13 4 36 9 5 7 12
20
20
10 11 2 3 1 14 16 17 1 15 8 6 13 4 9 7 12 5
10 11 2 3 1 14 16 17 15 8 6 13 4 9 7 12 5
10 11 2 2 2 2 3 3 3 3 1 1 1 1 28 23 5 5 5 5 1 1 1 1 1 1 29 13 4 25 8 6 4 9 22 27 26 7 12 8 6 4 9 7
10 11 2 16 17 1 3 14 15 8 6 13 4 9 7 12 5
20
10 11 2 3 1 14 16 17 1 15 8 6 13 4 9 7 12 5
10 11 2 2 2 2 3 3 3 3 1 1 1 1 28 23 5 5 5 5 1 1 1 1 8 6 13 4 9 34 7 12 29 4 33 8 6 4 9 7
20
20
10 11 2 3 1 14 16 17 1 15 8 6 13 4 9 7 12 5
10 11 2 16 17 1 3 14 15 8 6 13 4 9 22 7 12 5
20
10 11 2 3 1 14 16 17 15 8 6 13 4 9 7 12 5
10 11 2 16 17 1 3 15 14 8 6 13 4 9 7 12 5
10 11 2 3 1 14 16 17 1 15 8 6 13 4 9 7 12 5
10 11 2 3 1 14 16 17 1 15 8 6 13 4 9 7 5 12
10 11 2 3 1 14 16 17 1 15 8 6 13 4 9 7 12 5
20
10 11 2 16 17 15 3 14 8 6 13 4 9 5 7 12
10 11 2 3 1 13 4 25 8 6 4 9 27 26 7 12 5
10 11 2 3 1 13 4 25 8 6 4 9 27 26 7 12 5
10 11 2 3 1 14 16 17 1 15 8 6 13 4 9 7 12 5
240 143 143 143
20
20
20
10 11 2 3 1 14 16 17 15 1 8 6 13 4 9 7 12 5
20
20
20
10 11 2 2 2 2 3 3 3 3 28 1 1 1 1 23 5 5 5 5 1 1 1 1 8 6 13 4 9 34 7 12 29 4 33 8 6 4 9 7
10 11 2 3 1 14 16 17 15 8 6 13 4 9 7 12 5
10 11 2 16 17 1 3 15 14 8 6 13 4 9 7 12 5
20
20
10 11 2 16 17 1 3 15 14 8 6 13 4 9 22 7 12 5
10 11 2 3 1 14 16 17 1 15 8 6 13 4 9 7 12 5
20
10 11 2 3 1 13 4 25 8 6 4 9 27 26 7 12 5
247 112 112 112
10 11 2 3 1 14 16 17 1 15 8 6 13 4 9 7 12 5
10 11 2 3 1 14 16 17 1 15 8 6 13 4 9 7 12 5
10 11 2 3 1 14 16 17 1 15 8 6 13 4 9 7 12 5
10 11 28 2 2 2 2 3 3 3 3 1 1 1 1 23 5 5 5 5 1 1 1 1 8 6 13 4 9 7 34 12 29 4 33 8 6 4 9 7
10 11 2 16 17 1 3 14 15 8 6 13 4 9 22 7 12 5
20
10 11 2 16 17 1 3 14 15 8 6 13 4 9 7 5 12
20
20
10 11 35 13 4 8 6 4 9 7 12
10 11 2 16 17 1 3 15 14 8 6 13 4 9 7 12 5
10 11 2 3 1 14 16 17 1 15 1 8 6 13 4 9 7 12 5
10 11 2 3 1 13 4 25 8 6 4 9 27 26 7 12 5
8 6 13 4 9 168 7 12 5 5
10 11 2 3 16 17 14 15 1 8 6 13 4 9 7 5 12
10 11 2 3 1 14 16 17 1 15 8 6 13 4 9 7 12 5
10 11 28 2 2 2 2 3 3 3 3 1 1 1 1 23 5 5 5 5 1 1 1 1 8 6 13 4 9 7 12 29 4 33 8 6 4 9 7
10 11 2 16 17 1 3 15 14 8 6 13 4 9 7 12 5
10 11 2 3 1 14 16 17 1 15 8 6 13 4 9 7 12 5
10 11 2 3 1 14 16 17 1 15 8 6 13 4 9 7 12 5
20
10 11 2 16 17 15 3 14 8 6 13 4 9 5 7 12
10 11 2 2 16 17 1 3 1 3 15 14 14 23 5 5 32 32 31 31 38 6 38 6 8 6 13 4 9 34 7 12
10 11 2 16 17 1 3 15 14 8 6 13 4 9 7 12 5
10 11 28 2 2 2 2 3 3 3 3 1 1 1 1 23 5 5 5 5 1 1 1 1 8 6 13 4 9 34 7 12 29 4 33 8 6 4 9 7 1
20
10 11 2 2 3 3 5 5 1 1 8 6 13 4 9 34 7 12
10 11 2 3 1 14 16 17 1 15 8 6 13 4 9 7 12 5
10 11 2 16 17 1 3 15 14 8 6 13 4 9 7 12 5
20
10 11 2 16 17 1 3 15 1 14 8 6 13 4 9 7 12 5
10 11 2 3 1 14 16 17 15 8 6 13 4 9 7 12 5
20
20
10 11 2 3 1 14 16 17 1 15
10 11 2 3 1 14 16 17 1 15 8 6 13 4 9 7 12 5
20
20
10 11 2 3 1 14 16 17 1 15 8 6 13 4 9 7 5 12
10 11 2 16 17 1 3 14 15 8 6 13 4 9 7 12 5
10 11 2 3 1 14 16 17 15 8 6 13 4 9 7 12 5
10 11 2 2 2 2 16 17 1 3 1 3 1 3 3 14 14 15 14 14 23 5 5 5 5 32 32 32 32 31 31 31 31 39 39 38 6 38 6 8 6 13 4 9 7 34 12
10 11 2 3 1 14 16 17 1 15 8 6 13 4 9 7 12 5
20
10 11 2 16 17 15 1 3 14 8 6 13 4 9 7 12 5
20
10 11 2 16 17 1 3 14 15 8 6 13 4 9 7 12 5
10 11 2 16 17 15 3 14 8 6 13 4 9 7 12 5
144
20
20
20
10 11 2 3 1 13 4 25 8 6 4 9 27 26 7 12 5
10 11 2 3 1 14 16 17 1 15 8 6 13 4 9 7 12 5
20
10 11 2 16 17 1 3 15 14 8 6 13 4 9 22 7 12 5
192 128 128 128
10 11 2 3 1 14 16 17 15 1 8 6 13 4 9 7 12 5
10 11 2 3 1 14 16 17 1 15 8 6 13 4 9 7 12 5
10 11 2 3 1 14 16 17 1 15 8 6 13 4 9 7 12 5
10 11 2 3 16 17 14 15 8 6 13 4 9 7 12 5
20
20
10 11 2 2 2 2 3 3 3 3 1 1 1 1 28 23 5 5 5 5 1 1 1 1 1 29 13 4 25 8 6 4 9 27 26 7 12 8 6 4 9 7
10 11 2 3 1 14 16 17 1 15 8 6 13 4 9 7 12 5 1
20
20
10 11 2 3 1 14 16 17 1 15 8 6 13 4 9 7 12 5
10 11 2 3 1 14 16 17 15 8 6 13 4 9 7 12 5
20
10 11 2 16 17 15 3 14 8 6 13 4 9 7 12 5
20
10 11 2 3 14 16 17 1 15 8 6 13 4 9 7 12 1 5
10 11 2 16 17 1 3 15 14 8 6 13 4 9 7 12 5
20
10 11 2 3 1 14 16 17 15 1 8 6 13 4 9 7 12 5
10 11 2 3 1 13 4 25 8 6 4 9 27 26 7 12 5
10 11 2 3 1 14 16 17 1 15 8 6 13 4 9 7 12 5
20
10 11 2 16 17 1 3 14 1 15 8 6 13 4 9 7 12 5
10 11 2 3 1 14 16 17 1 15 8 6 13 4 9 7 5 12
10 11 2 3 1 14 16 17 1 15 8 6 13 4 9 7 12 5
10 11 2 3 1 14 16 17 1 15 8 6 13 4 9 7 12 5
10 11 2 3 1 14 16 17 1 15 1 8 6 13 4 9 7 12 5
10 11 2 3 1 14 16 17 15 8 6 13 4 9 7 12 5
20
10 11 2 3 14 16 17 1 15 8 6 13 4 9 7 12 5
10 11 2 3 1 14 16 17 1 15 1 8 6 13 4 9 22 5 7 12
10 11 2 3 16 17 1 14 1 15 8 6 13 4 9 7 12 5
10 11 2 16 17 15 1 3 14 8 6 13 4 9 7 12 5
299 81 81 81
10 11 2 16 17 1 3 15 14 8 6 13 4 9 7 12 5
20
10 11 2 3 1 14 16 17 1 15 8 6 13 4 9 7 12 5
10 11 2 3 16 17 14 15 8 6 13 4 9 7 12 5
10 11 2 16 17 15 3 1 14 8 5 6 13 4 1 9 7 12
316 60 60 60
10 11 2 16 17 1 3 15 14 8 6 13 4 9 7 12 5
10 11 2 3 1 14 16 17 1 15 8 6 13 4 9 7 12 5
20
20
10 11 2 16 17 1 3 15 14 8 6 13 4 9 7 12 5
20
10 11 2 3 1 14 16 17 1 15 8 6 13 4 9 7 12 5
10 11 2 3 1 14 16 17 1 15 1 8 6 13 4 9 7 12 5
10 11 28 2 2 2 2 3 3 3 3 1 1 1 1 23 5 5 5 5 1 1 1 1 8 6 13 4 9 34 7 12 29 4 33 8 6 4 9 7 1
10 11 2 3 1 14 16 17 1 15 8 6 13 4 9 7 12 5
10 11 2 3 1 14 16 17 1 15 1 8 6 13 4 9 22 7 5 12
10 11 2 16 17 1 3 14 15 8 6 13 4 9 7 12 5
10 11 2 2 2 2 3 3 3 3 1 1 1 28 1 23 5 5 5 5 1 1 1 1 8 6 13 4 9 34 7 12 29 4 33 8 6 4 9 7 1
20
10 11 2 16 17 1 3 14 15 8 6 13 4 9 7 12 5
10 11 2 3 1 14 16 17 15 1 8 6 13 4 9 7 5 12
20
20
10 11 2 16 17 1 3 15 14 8 6 13 4 9 7 12 5
20
20
20
20
270 95 95 95
20
20
10 11 2 16 17 1 3 14 15 8 6 13 4 9 7 12 5
10 11 2 3 1 14 16 17 1 15 8 6 13 4 9 7 12 5
10 11 2 3 1 14 16 17 1 15 8 6 13 4 9 7 12 5
10 11 2 16 17 15 3 14 8 6 13 4 9 7 12 5
219 165 165
10 11 2 16 17 1 3 14 15 8 6 13 4 9 7 5 12
20
20
20
10 11 2 3 1 16 17 14 1 15 8 6 13 4 9 7 12 5
285 80 80 80
20
20
10 11 2 16 17 1 3 14 15 8 6 13 4 9 5 7 12
10 11 2 3 1 14 16 17 1 15 8 6 13 4 9 7 12 5
20
20
10 11 2 3 1 14 16 17 1 15 8 6 13 4 9 7 12 5
20
20
10 11 2 16 17 1 3 15 14 8 6 13 4 9 7 12 5
20
10 11 2 3 1 16 17 14 1 15 8 6 13 4 9 7 5 12
10 11 2 16 17 1 3 14 15 8 6 13 4 9 22 5 7 12
10 11 2 3 1 14 16 17 1 15 8 6 13 4 9 7 12 5
10 11 2 3 1 14 16 17 1 15 8 6 13 4 9 7 12 5
20
10 11 2 3 1 14 16 17 15 8 6 13 4 9 7 12 5
20
10 11 2 16 17 1 3 15 14 8 6 13 4 9 7 12 5
20
10 11 2 3 1 14 16 17 1 15 8 6 13 4 9 7 12 5
10 11 2 16 17 1 3 15 14 8 6 13 4 9 7 12 5
10 11 2 3 1 14 16 17 15
10 11 2 16 17 1 3 14 1 15 8 6 13 4 9 7 12 5
10 11 2 3 1 14 16 17 15 8 6 13 4 9 7 12 5
10 11 2 3 1 14 16 17 1 15 8 6 13 4 9 7 12 5
10 11 2 3 1 14 16 17 15 8 6 13 4 9 7 12 5
10 11 2 3 1 14 16 17 15 8 6 13 4 9 7 12 5
10 11 2 16 17 1 3 14 15 8 6 13 4 9 7 12 5
10 11 2 3 1 14 16 17 1 15 8 6 13 4 9 7 12 5
10 11 2 3 1 14 16 17 1 15 8 6 13 4 9 7 12 5
10 11 48 13 4 8 6 4 9 7 12
10 11 2 3 1 14 16 17 1 15 1 8 6 13 4 9 7 12 5
10 11 2 3 1 14 16 17 1 15 8 6 13 4 9 7 12 5
10 11 2 16 17 1 3 14 15 8 6 13 4 9 7 12 5
10 11 2 16 17 1 3 15 14 8 6 13 4 9 7 12 5
10 11 2 16 17 1 3 14 15 8 6 13 4 9 7 12 5
317 61 61 61
10 11 2 2 2 2 3 3 3 3 1 1 1 1 28 23 1 5 5 5 5 1 1 1 1 8 6 13 4 9 7 34 12 29 4 33 8 6 4 9 7
10 11 2 2 2 2 3 3 3 3 1 1 1 1 28 23 5 5 5 5 1 1 1 1 1 1 8 6 13 4 9 7 12 29 4 33 8 6 4 9 7
20
20
10 11 2 16 17 1 3 15 14 8 6 13 4 9 7 12 5
10 11 2 3 1 14 16 17 15 8 6 13 4 9 7 12 5
20
20
20
20
20
10 11 2 16 17 1 3 15 14 8 6 13 4 9 7 12 5
20
10 11 2 3 1 14 16 17 1 15 8 6 13 4 9 7 12 5
20
10 11 2 3 1 14 16 17 1 15 8 6 13 4 9 7 12 5
10 11 2 3 1 13 4 25 8 6 4 9 27 26 7 12 5
10 11 2 16 17 1 3 15 14 8 6 13 4 9 7 12 5
10 11 2 16 17 1 3 15 14 8 6 13 4 9 7 12 5
20
10 11 2 3 1 14 16 17 1 15 1 8 6 13 4 9 7 12 5
10 11 2 2 2 2 3 3 3 1 3 1 1 1 28 23 5 5 5 5 1 1 1 1 1 1 1 29 13 4 25 8 6 4 9 27 26 7 12 8 6 4 9 7 1
20
10 11 2 3 1 14 16 17 1 15 1 8 6 13 4 9 5 7 12
10 11 2 16 17 1 3 15 14 8 6 13 4 9 7 12 5
10 11 2 3 1 14 16 17 15 8 6 13 4 9 7 12 5
20
10 11 2 3 1 14 16 17 1 15 8 6 13 4 9 7 12 5
20
20
20
10 11 2 3 1 14 16 17 15 8 6 13 4 9 7 12 5
20
10 11 2 3 1 14 16 17 1 15 8 6 13 4 9 7 12 5
10 11 2 16 17 1 3 15 14 1 8 6 13 4 9 7 12 5
20
10 11 2 3 1 14 16 17 1 15 8 6 13 4 9 7 12 5
324 70 70 70
10 11 2 16 17 1 3 15 14 8 6 13 4 9 7 12 5
20
10 11 2 3 1 14 16 17 1 15 8 6 13 4 9 7 5 12
20
10 11 2 3 1 14 16 17 1 15 8 6 13 4 9 5 7 12
20
20
20
10 11 2 3 1 14 16 17 1 15 8 6 13 4 9 7 12 5
20
20
10 11 2 3 1 14 16 17 1 15 8 6 13 4 9 7 12 5
20
20
10 11 2 3 1 14 16 17 1 15 8 6 13 4 36 9 7 12 5
10 11 2 3 1 14 16 17 1 15 8 6 13 4 9 7 12 5
10 11 2 3 1 14 16 17 1 15 1 8 6 13 4 9 5 7 12
10 11 2 3 1 14 16 17 1 15 8 6 13 4 9 7 5 12
10 11 2 2 16 17 1 3 1 3 14 15 14 23 5 5 32 32 31 31 38 6 38 6 8 6 13 4 9 34 7 12
20
10 11 2 3 1 14 16 17 15 8 6 13 4 9 7 12 5
10 11 2 3 1 14 16 17 1 15 8 6 13 4 9 7 12 1 5
10 11 2 3 1 14 16 17 1 15 8 6 13 4 9 7 12 5
20
10 11 2 16 17 1 3 15 14 8 6 13 4 9 5 7 12
20
10 11 2 3 1 14 16 17 1 15 8 6 13 4 9 7 22 12 5
10 11 35 13 4 7 12
20
10 11 2 3 1 14 16 17 1 15 1 8 6 13 4 9 5 7 12
44 10 11 2 3 1 14 16 17 1 15 8 6 13 4 9 5 7 12
10 11 2 3 1 14 16 17 1 15 8 6 13 4 9 7 12 5
20
20
10 11 2 3 1 14 16 17 1 15 8 6 13 4 9 7 12 1 5
10 11 2 3 1 13 4 25 8 6 4 9 27 26 7 12 5
20
20
10 11 2 3 1 14 16 17 1 15 8 6 13 4 9 7 12 5
20
10 11
10 11 2 16 17 1 3 14 15 8 6 13 4 9 5 7 12
10 11 2 16 17 1 3 14 15 8 6 13 4 9 7 12 5
20
10 11 2 3 1 14 16 17 1 15 8 6 13 4 9 7 12 5
20
10 11 2 16 17 1 3 14 15 8 6 13 4 9 5 7 12
10 11 2 3 1 14 16 17 1 15 8 6 13 4 9 7 12 5
20
10 11 2 16 17 1 3 14 1 15 8 6 13 4 9 7 12 5
10 11 2 3 1 14 16 17 1 15 8 6 13 4 9 7 12 5
20
10 146 145 162 161 7 12
10 11 2 16 17 15 3 14 1 8 6 13 4 9 7 12 5
20
10 11 2 16 17 1 3 15 14 8 6 13 4 9 7 5 12
10 11 2 3 1 14 16 17 1 15 8 6 13 4 9 7 12 5
20
10 11 2 16 17 1 3 15 14 8 6 13 4 9 7 12 5
10 11 2 3 1 14 16 17 15 1 8 6 13 4 9 7 12 5
10 11 2 3 1 14 16 17 15 8 6 13 4 9 7 12 5
230 171 171
10 11 35 13 4 42 8 6 4 9 43 7 12
10 11 2 3 1 14 16 17 1 15 8 6 13 4 9 7 12 5
20
10 11 2 16 17 1 3 15 14 8 6 13 4 9 22 7 12 5
10 11 2 16 17 1 3 14 15 8 6 13 4 9 7 12 5
10 11 2 16 17 1 3 15 14 8 6 13 4 9 7 12 5
10 11 2 3 1 14 16 17 1 15 8 6 13 4 9 5 7 12
20
20
20
10 11 2 2 3 3 14 14 23 5 5 1 1 1
271 94 94 94
10 11 2 3 1 14 16 17 15 1 1 8 6 13 4 9 7 12 5
10 11 2 3 1 14 16 17 1 15 8 6 13 4 9 7 5 12
254 85 85 85
10 11 2 3 1 14 16 17 1 15 8 6 13 4 9 7 5 12
10 11 2 3 1 14 16 17 15 1 8 6 13 4 9 7 12 5
20
10 11 2 3 1 16 17 14 1 15 8 6 13 4 9 5 7 12
20
10 11 2 3 14 16 17 1 15 8 6 13 4 9 7 12 5
20
20
20
20
10 11 2 16 17 1 3 15 14 8 6 13 4 9 22 7 5 12
20
10 11 2 3 1 14 16 17 1 15 8 6 13 4 9 7 12 5
10 11 2 3 1 14 16 17 15 8 6 13 4 9 7 12 5
164 164
10 11 2 3 1 14 16 17 1 15 8 6 13 4 9 22 7 12 5
20
10 11 2 3 1 13 4 25 8 6 4 9 27 26 7 12 5
10 11 2 3 1 14 16 17 1 15 8 6 13 4 9 7 12 5
234 255
10 11 2 3 1 14 16 17 1 15 8 6 13 4 9 5 7 12
10 11 2 3 1 13 4 25 8 6 4 9 27 26 7 12 5
10 11 2 3 1 14 16 17 15 8 6 13 4 9 22 7 5 12
20
10 11 2 16 17 1 3 15 14
20
10 11 2 16 17 15 3 14 8 6 13 4 9 7 5 12
10 11 2 16 17 1 3 14 15 8 6 13 4 9 7 12 5
20
10 11 2 3 1 13 4 25 8 6 4 9 27 26 7 12 5
10 11 2 16 17 1 3 15 14 8 6 13 4 9 7 5 12
20
10 11 2 3 1 14 16 17 1 15 8 6 13 4 9 7 12 5
10 11 2 3 1 14 16 17 1 15 8 6 13 4 9 7 12 5
10 11 2 16 17 1 3 15 14 8 6 13 4 9 7 12 5
20
10 11 2 3 1 14 16 17 15 8 6 13 4 9 7 12 5
10 11 2 16 17 1 3 15 14 8 6 13 4 9 7 12 5
10 11 2 3 1 14 16 17 1 15 8 6 13 4 9 7 12 5
10 11 2 3 1 14 16 17 1 15 8 6 13 4 9 5 7 12
10 11 2 3 1 14 16 17 15 8 6 13 4 9 7 12 5
44 10 11 2 16 17 1 3 15 14 8 6 13 4 9 7 12 5
20
20
10 11 2 3 1 14 16 17 1 15 8 6 13 4 9 22 7 12 5
20
10 11 2 3 1 14 16 17 1 15 8 6 13 4 9 7 12 5
20
10 11 2 3 1 14 16 17 1 15 8 6 13 4 9 7 12 5
10 11 2 16 17 1 3 14 15 1 8 6 13 4 9 5 7 12
10 11 2 3 1 14 16 17 1 15 8 6 13 4 36 9 7 12 5
10 11 2 16 17 1 3 15 14 8 6 13 4 9 7 12 5
20
10 11 2 3 1 14 16 17 15 8 6 13 4 9 7 12 5
20
223 167 167
10 11 2 2 2 2 16 17 1 3 1 3 1 3 14 14 14 1 3 15 14 23 5 5 5 5 32 32 32 32 31 31 31 31 39 38 6 38 6 38 6 8 6 13 4 9 7 34 12
20
10 11 2 2 2 2 3 3 3 3 1 1 1 1 28 23 5 5 5 5 1 1 1 1 8 6 13 4 9 7 12 29 4 33 8 6 4 9 7 1
41 41 41 41
20
10 11 2 3 1 14 16 17 1 15 8 6 13 4 9 7 12 5
20
20
20
10 11 2 3 1 14 16 17 1 15 8 6 13 4 9 7 12 5
10 11 2 16 17 15 3 14 8 6 13 4 9 7 12 5
20
20
10 11 2 16 17 1 3 15 14 8 6 13 4 9 5 7 12
10 11 2 16 17 15 1 3 14 8 6 13 4 9 7 12 5
10 11 2 3 1 14 16 17 1 15 8 6 13 4 9 5 7 12
20
20
20
10 11 2 3 1 14 16 17 1 15 8 6 13 4 9 7 12 5
10 11 2 2 2 2 3 3 3 3 1 14 16 17 14 14 14 1 15 1 23 5 5 5 5 32 32 32 31 31 31 31 39 38 39 39 6 8 6 13 4 9 7 12
10 11 2 16 17 1 3 15 14 8 6 13 4 9 7 12 5
10 11 2 16 17 1 3 15 14 8 6 13 4 9 22 7 12 5
20
10 11 2 16 17 1 3 15 14 8 6 13 4 9 7 12 5
10 11 2 2 2 2 3 3 3 3 1 1 1 1 28 23 5 5 5 5 1 1 1 1 8 6 13 4 9 7 12 29 4 33 8 6 4 9 7
20
20
20
10 11 2 16 17 1 3 14 15 8 6 13 4 9 7 12 5
10 11 2 3 1 14 16 17 1 15 8 6 13 4 9 7 12 5
20
10 11 2 3 1 14 16 17 1 15 8 6 13 4 9 7 12 5
10 11 2 3 1 14 16 17 1 15 8 6 13 4 9 7 12 5
10 11 2 16 17 1 3 15 14 8 6 13 4 9 7 12 5
20
10 11 2 16 17 1 3 15 14 8 6 13 4 9 7 12 5
10 11 2 3 1 14 16 17 1 15 8 6 13 4 9 7 5 12
20
10 11 2 3 1 14 16 17 15 8 6 13 4 9 7 12 5
20
20
10 11 2 3 1 14 16 17 1 15 8 6 13 4 9 7 12 5
20
10 11 2 3 1 13 4 25 8 6 4 9 27 26 7 12 5
193 129 129 129
20
20
10 11 2 16 17 1 3 15 14 8 6 13 4 9 7 12 5
10 11 2 16 17 1 3 15 14 8 6 13 4 9 7 12 5
10 11 2 16 17 1 3 15 14 8 6 13 4 9 7 12 5
20
10 11 2 3 1 14 16 17 1 15 8 6 13 4 9 5 7 12
10 11 2 3 1 14 16 17 1 15 8 6 13 4 9 7 12 5
304 73 73 73
10 11 2 16 17 1 3 15 14 8 6 13 4 9 5 7 12
10 11 2 2 2 2 3 3 3 3 1 1 1 1 28 23 5 5 5 5 1 1 1 1 8 6 13 4 9 7 12 29 4 33 8 6 4 9 7
20
10 11 2 3 1 14 16 17 1 15 8 6 13 4 9 7 12 5
10 11 2 3 1 14 16 17 1 15 8 6 13 4 9 7 12 5
10 11 2 16 17 15 1 3 14 8 6 13 4 9 5 7 45 12
20
10 11 2 16 17 1 3 15 14 8 6 13 4 9 7 12 5
10 11 2 16 17 1 3 14 15 8 6 13 4 9 7 5 12
10 11 2 16 17 1 3 15 14 8 6 13 4 9 7 12 5
10 11 2 3 1 14 16 17 1 15 8 6 13 4 9 7 12 5
10 11 2 16 17 1 3 14 15 8 6 13 4 9 7 12 1 5
10 11 2 3 1 14 16 17 1 15 8 6 13 4 9 7 12 5
10 11 2 3 1 14 16 17 1 15 8 6 13 4 9 7 12 5
10 11 2 3 1 14 16 17 1 15 8 6 13 4 9 7 12 5
10 11 2 16 17 1 3 14 15 8 6 13 4 9 7 12 5
256
10 11 2 3 1 14 16 17 1 15 8 6 13 4 9 7 12 5
10 11 2 3 14 16 17 15 8 6 13 4 9 22 5 7 12
212 213
20
20
10 11 35 13 4 42 8 6 4 9 43 7 12
10 11 2 3 1 14 16 17 1 15 8 6 13 4 9 7 12 45 5
10 11 2 3 1 14 16 17 1 15 8 6 13 4 9 7 12 5
10 11 2 3 1 14 16 17 1 15 8 6 13 4 9 22 5 7 12
10 11 2 3 1 14 16 17 15 8 6 13 4 9 5 7 12
10 11 2 3 14 16 17 15 8 6 13 4 9 7 12 5
10 11 2 3 1 14 16 17 1 15 8 6 13 4 9 7 12 5
10 11 2 3 1 14 16 17 1 15 8 6 13 4 9 7 12 5
10 11 2 2 2 2 3 3 3 3 1 1 1 1 28 23 5 5 5 5 1 1 1 1 8 6 13 4 9 34 7 12 29 4 33 8 6 4 9 7
10 11 2 3 1 14 16 17 1 15 1 8 6 13 4 9 7 12 5
20
10 11 2 2 2 2 3 3 28 3 3 1 1 1 1 23 5 5 5 5 1 1 1 1 1 1 29 13 4 25 8 6 4 9 27 26 7 12 8 6 4 9 7
20
20
20
20
20
10 11 2 3 1 14 16 17 1 15 8 6 13 4 9 7 12 5
10 11 2 3 1 14 16 17 1 15 8 6 13 4 9 7 12 5
10 11 2 3 1 14 16 17 1 15 8 6 13 4 9 7 5 12
10 11 2 3 1 14 16 17 1 15 8 6 13 4 9 7 12 5
10 11 2 16 17 1 3 14 15 1 8 6 13 4 9 7 12 5
10 11 2 3 1 14 16 17 1 15 8 6 13 4 9 7 12 45 5
20
10 11 2 3 1 14 16 17 15 8 6 13 4 9 7 12 5
10 11 2 3 1 14 16 17 1 15 8 6 13 4 9 5 7 12
303 59 59 59
20
10 11 2 3 1 14 16 17 15 8 6 13 4 9 7 12 5
10 11 2 16 17 1 3 14 15 8 6 13 4 9 7 12 5
10 11 2 3 1 14 16 17 1 15 1 8 6 13 4 9 5 7 12
10 11 2 3 1 14 16 17 15 8 6 13 4 9 7 5 12
10 11 2 16 17 1 3 15 14 8 6 13 4 9 7 12 5
10 11 2 3 1 14 16 17 1 15 8 6 13 4 9 5 7 12
10 11 2 16 17 1 3 14 15 8 6 13 4 9 7 12 5
20
10 11 2 3 1 14 16 17 1 15 8 6 13 4 9 7 12 5
10 11 2 16 17 1 3 15 14 8 6 13 4 9 7 12 5
10 11 2 3 1 14 16 17 1 15 1 8 6 13 4 9 22 5 7 12
10 11 2 3 1 14 16 17 15 8 6 13 4 9 7 12 5
20
10 11 48 13 4 142
10 11 2 3 1 14 16 17 1 15 8 6 13 4 9 7 12 5
10 11 2 3 1 14 16 17 15 8 6 13 4 9 7 12 5
183 71 71 71
10 11 2 3 1 14 16 17 1 15 8 6 13 4 9 7 12 5
10 11 2 3 1 14 16 17 15 8 6 13 4 9 7 12 5
10 11 2 16 17 1 3 15 14 8 6 13 4 9 22 7 12 5
20
20
20
10 11 2 16 17 1 3 14 15 8 6 13 4 9 7 12 5
20
10 11 2 3 1 16 17 15 14 8 6 13 4 9 7 12 5
10 11 2 3 1 14 16 17 1 15 8 6 13 4 9 22 7 12 5
10 11 2 3 1 14 16 17 1 15 8 6 13 4 9 7 12 5
20
20
144
284 75 75 75
20
20
10 11 2 16 17 1 3 14 15 8 6 13 4 9 7 12 5
20
20
10 11 2 16 17 1 3 15 14 8 6 13 4 9 5 7 12
10 11 28 2 2 2 2
10 11 2 3 1 14 16 17 15 8 6 13 4 9 7 12 5 1
10 11 2 16 17 1 3 14 15 8 6 13 4 9 7 12 5
10 11 2 16 17 1 3 15 14 8 6 13 4 9 7 12 5
10 11 2 3 1 14 16 17 1 15 8 6 13 4 9 7 12 5
20
20
20
10 11 2 16 17 1 3 15 14 8 6 13 4 9 7 12 5
20
20
20
10 11 2 3 1 14 16 17 15 8 6 13 4 9 7 12 5
10 11 2 3 1 14 16 17 1 15 8 6 13 4 9 7 12 5 1
20
10 11 2 3 1 14 16 17 1 15 8 6 13 4 9 7 12 5
10 11 2 3 1 14 16 17 15 8 6 13 4 9 7 12 5
10 11 2 3 1 14 16 17 1 15 8 6 13 4 9 7 12 5
10 11 2 3 1 14 16 17 1 15 8 6 13 4 9 22 7 12 5
20
200 210
10 11 35 13 4 8 6 4 9 7 12
10 11 2 16 17 1 3 15 14 8 6 13 4 9 7 12 5
10 11 2 3 1 14 16 17 1 15 8 6 13 4 9 7 12 5
20
20
10 11 2 3 1 14 16 17 1 15 8 6 13 4 9 5 7 12 1
20
10 11 2 16 17 1 3 14 15 8 6 13 4 9 7 12 5
10 11 2 16 17 1 3 14 15 8 6 13 4 9 7 12 5
232 107 107 107
10 11 2 3 1 14 16 17 1 15 8 6 13 4 9 5 7 12
20
196 125 125 125
20
10 11 2 3 1 14 16 17 1 15 1 8 6 13 4 9 7 12 5
10 11 2 3 1 14 16 17 15 8 6 13 4 9 7 12 5
10 11 2 3 1 14 16 17 1 15 8 6 13 4 9 7 12 5
20
20
20
10 11 2 16 17 1 3 15 14 8 6 13 4 9 7 12 5
10 11 2 3 1 14 16 17 1 15 8 6 13 4 9 7 12 5
10 11 2 3 1 14 16 17 1 15 8 6 13 4 9 7 12 5
10 11 2 3 1 14 16 17 1 15 8 6 13 4 9 7 12 5
302 74 74 74
10 11 2 16 17 1 3 15 14 8 6 13 4 9 7 5 12
10 11 2 3 1 14 16 17 1 15 8 6 13 4 9 7 12 5
10 11 2 16 17 1 3 15 14 8 6 13 4 9 7 12 5
10 11 2 16 17 1 3 15 14 8 6 13 4 9 7 12 5
10 11 2 3 1 14 16 17 1 15 8 6 13 4 9 7 12 5
10 11 2 16 17 1 3 14 15 1 8 6 13 4 9 7 12 5
10 11 2 3 1 14 16 17 15 8 6 13 4 9 7 12 5
10 11 2 3 1 14 16 17 1 15 8 6 13 4 9 7 5 12
20
186 130 130 130
20
10 11 35 13 4 42 8 6 4 9 7 12
20
267 96 96 96
20
10 11 2 3 1 14 16 17 15 8 6 13 4 9 7 12 5
10 11 2 3 1 14 16 17 1 15 8 6 13 4 9 7 12 5
10 11 2 3 1 14 16 17 1 15 8 6 13 4 9 7 12 5
318 62 62 62
10 11 2 3 1 14 16 17 15 8 6 13 4 9 7 12 5
10 11 2 3 1 14 16 17 1 15 8 6 13 4 9 7 12 5
10 11 2 16 17 1 3 15 14 8 6 13 4 9 7 12 5
20
10 11 2 3 1 14 16 17 1 15 8 6 13 4 9 5 7 12
10 11 35 13 4 8 6 4 9 7 12
10 11 2 3 1 13 4 25 8 6 4 9 27 26 7 12 5
20
10 11 2 3 1 13 4 25 8 6 4 9 27 26 7 12 5
10 11 35 13 4 42 8 6 4 9 43 7 12
10 11 2 3 1 14 16 17 15 8 6 13 4 9 5 7 12
20
10 11 2 2 16 17 1 3 15 14 3 14 23
10 11 2 3 1 13 4 25 8 6 4 9 27 26 7 12 5
20
10 11 48 13 4 142 8 6 4 9 177 7 12
10 11 2 3 1 13 4 25 8 6 4 9 27 26 7 12 5
20
10 11 2 3 1 14 16 17 15 8 6 13 4 9 5 7 12
10 11 2 3 1 14 16 17 1 15 8 6 13 4 9 7 12 5
10 11 2 3 1 13 4 25 8 6 4 9 27 26 7 12 5
10 11 2 3 1 14 16 17 1 15 8 6 13 4 9 7 12 5
20
10 11 2 16 17 1 3 15 14 8 6 13 4 9 7 12 5
10 11 2 3 1 14 16 17 1 15 8 6 13 4 9 7 12 5
10 11 2 16 17 15 1 3 14 8 6 13 4 9 7 12 5
10 11 2 3 1 14 16 17 1 15 8 6 13 4 9 7 12 5
10 11 2 3 1 14 16 17 1 15 8 6 13 4 9 22 7 12 5
10 11 2 16 17 1 3 15 14 8 6 13 4 9 7 12 5
10 11 2 3 14 16 17 15 8 6 13 4 9 7 12 5
20
20
10 11 2 3 1 14 16 17 1 15 8 6 13 4 9 7 12 5
20
20
246 113 113 113
10 11 2 3 1 14 16 17 1 15 8 6 13 4 9 7 12 5
20
10 11 2 16 17 1 3 15 14 8 6 13 4 9 7 12 5
10 11 2 16 17 1 3 14 15 8 6 13 4 9 7 12 5
273 89 89 89
10 11 2 3 1 14 16 17 1 15 8 6 13 4 9 22 5 7 12
20
10 11 2 16 17 1 3 15 14 8 6 13 4 9 22 7 12 5
10 11 2 3 1 14 16 17 1 15 8 6 13 4 9 7 12 5
10 11 2 2 2 2 3 3 3 3 1 1 1 28 1 23 5 5 5 5 1 1 1 1 29 13 4 25 8 6 4 9 27 26 7 12 8 6 4 9 7
10 11 2 3 1 14 16 17 15 8 6 13 4 36 9 5 7 12 1
272 87 87 87
10 11 2 3 1 14 16 17 15 1 8 6 13 4 9 5 7 12
20
10 11 2 16 17 1 3 15 14 8 6 13 4 9 7 12 5
10 11 2 3 1 14 16 17 15 8 6 13 4 9 5 7 12
20
10 11 2 3 1 14 16 17 1 15 8 6 13 4 36 9 5 7 12
10 11 2 3 1 13 4 25 8 6 4 9 27 26 7 12 5
10 11 2 2 3 3 166 8 6 13 4 9 7 12 5 5
10 11 2 3 1 14 16 17 15 1 8 6 13 4 9 7 12 5
10 11 2 3 1 14 16 17 1 15 8 6 13 4 9 7 12 5
20
20
20
20
20
10 11 2 3 1 14 16 17 1 15 8 6 13 4 9 5 7 12
20
10 11 2 3 1 14 16 17 1 15 8 6 13 4 9 7 12 5
10 11 2 3 1 13 4 25 8 6 4 9 27 26 7 12 5
10 11 2 16 17 1 3 14 15 8 6 13 4 9 7 12 5
44 10 11 2 3 1 14 16 17 1 15 8 6 13 4 9 7 12 5
10 11 2 3 1 14 16 17 1 15 1 8 6 13 4 9 7 12 5
20
10 11 2 16 17 1 3 14 15 8 6 13 4 9 7 12 5
10 11 2 3 16 17 14 15 8 6 13 4 9 7 12 5
10 11 2 3 1 14 16 17 1 15 8 6 13 4 9 7 5 12
20
20
20
20
20
20
10 11 2 16 17 1 3 14 15 8 6 13 4 9 7 12 5
10 11 2 3 1 14 16 17 1 15 8 6 13 4 9 7 12 5
10 11 2 3 1 14 16 17 15 8 6 13 4 9 7 12 5
10 11 2 3 1 14 16 17 1 15 8 6 13 4 9 7 12 5
10 11 2 3 16 17 14 1 15 8 6 13 4 9 7 12 5
20
10 11 2 16 17 3 15 14 8 6 13 4 9 7 12 5
10 11 2 3 1 14 16 17 1 15 8 6 13 4 9 7 12 5
244 172 172
10 11 2 2 2 2 3 3 3 3 1 14 1 1 14 14 16 17 1 14 1 1 15 1 23 5 5 5 5 32 32 32 32 31 31 31 31 39 38 39 6 38 6 8 6 13 4 9 34 7 12
20
222 102 102 102
20
10 11 2 3 1 14 16 17 1 15 8 6 13 4 9 7 12 5
20
10 11 2 3 1 14 16 17 1 15 8 6 13 4 9 7 12 5
182 58 58 58
20
10 11 2 16 17 15 1 3 14 8 6 13 4 9 22 7 12 5
10 11 2 16 17 1 3 15 1 14 8 6 13 4 9 5 7 12
10 11 2 3 1 14 16 17 1 15 8 6 13 4 9 7 12 5
20
10 11 2 16 17 1 3 15 14 8 6 13 4 9 7 5 12
322 66 66 66
10 11 2 16 17 1 3 14 15 8 6 13 4 9 7 5 12
10 11 2 3 1 14 16 17 1 15 8 6 13 4 9 7 12 5
195 68 68 68
20
10 11 2 16 17 1 3 14 15 8 6 13 4 9 7 12 5
10 11 2 16 17 1 3 14 15 8 6 13 4 9 7 12 5
10 11 2 16 17 1 3 15 14 1 8 6 13 4 9 7 12 5
10 11 2 3 1 14 16 17 1 15 8 6 13 4 9 7 12 5
10 11 2 16 17 15 1 3 14 8 6 13 4 9 7 12 5
20
10 11 2 3 1 14 16 17 1 15 8 6 13 4 9 7 12 5
20
10 11 2 16 17 1 3 14 15 8 6 13 4 9 5 7 12
10 11 2 3 1 14 16 17 15 8 6 13 4 9 7 12 5
10 11 2 16 17 1 3 14 15 8 6 13 4 9 5 7 12
10 11 28 2 2 2 2 3 3 3 3 1 1 1 1 23 5 5 5 5 1 1 1 1 29 13 4 25 8 6 4 9 27 26 7 12 8 6 4 9 7
10 11 2 3 1 14 16 17 1 15 8 6 13 4 9 7 12 5
10 11 2 3 1 14 16 17 1 15 8 6 13 4 9 7 12 5
10 11 2 16 17 1 3 15 14 8 6 13 4 9 7 12 5
10 11 2 16 17 1 3 15 14 8 6 13 4 9 7 12 5
20
20
20
10 11 2 16 17 1 3 15 14 8 6 13 4 9 5 7 12
10 11 2 3 1 14 16 17 1 15 1
10 11 2 3 1 14 16 17 1 15 8 6 13 4 9 7 12 5
10 11 2 3 1 14 16 17 1 15 1 8 6 13 4 9 5 7 12
231 249
20
283 83 83 83
20
20
10 11 2 16 17 1 3 14 15 8 6 13 4 9 7 12 5
20
20
10 11 2 3 1 14 16 17 1 15 8 6 13 4 9 7 12 5
20
10 11 2 3 1 14 16 17 1 15 8 6 13 4 9 7 12 5
10 11 2 3 1 14 16 17 1 15 8 6 13 4 9 7 22 12 5
10 11 35 13 4 42 8 6 4 9 43 7 12
20
10 11 2 3 1 14 16 17 1 15 8 6 13 4 9 7 5 12
10 11 2 3 1 14 16 17 1 15 8 6 13 4 9 7 12 5
20
10 11 2 3 1 14 16 17 1 15 8 6 13 4 9 7 12 5
20
10 11 2 16 17 1 3 15 14 1 8 6 13 4 9 7 5 12
10 11 2 2 2 28 2 3 3 3 3 1 1 1 1 23 5 5 5 5 1 1 1 1 1 8 6 13 4 9 7 12 29 4 33 8 6 4 9 7
20
10 11 2 3 1 14 16 17 15 8 6 13 4 9 22 7 12 5
20
20
214 117 117 117
10 11 2 16 17 1 3 14 15 8 6 13 4 9 22 7 5 12
10 11 2 2 2 2 3 3 3 3 1 1 1 1 28 23 5 5 5 5 1 1 1 1 1 29 13 4 25 8 6 4 9 27 26 7 12 1
10 11 2 2 2 2 16 17 1 3 14 1 3 1 3 15 14 3 14 14 23 5 5 5 5 32 32 32 32 31 31 31 31 38 39 39 6 38 6 8 6 13 4 9 34 7 12
10 11 2 3 1 14 16 17 1 15 8 6 13 4 36 9 7 12 5
20
20
10 11
218 138 138 138
10 11 2 3 16 17 1 14 15 8 6 13 4 9 7 5 12
20
325 116 116 116
10 11 2 2 2 28 2 3 3 3 3 1 1 1 1 23 5 5 5 5 1 1 1 1 8 6 13 4 9 34 7 12 29 4 33 8 6 4 9 7
326
10 11 2 3 1 14 16 17 15 8 6 13 4 9 7 12 5
20
10 11 2 3 16 17 14 1 15 1 8 6 13 4 9 7 12 5
323 67 67 67
10 11 2 3 1 14 16 17 1 15 8 6 13 4 9 7 12 5
10 11 2 3 1 14 16 17 1 15 8 6 13 4 9 7 12 5
228 126 126 126
10 11 2 16 17 1 3 14 15 1 8 6 13 4 9 7 12 5
10 11 2 3 1 14 16 17 1 15 8 6 13 4 9 7 12 5
10 11 2 16 17 1 3 14 15 8 6 13 4 9 5 7 12
20
10 11 2 16 17 15 3 14 8 6 13 4 9 7 12 5
10 11 2 3 1 14 16 17 1 15 8 6 13 4 9 7 12 5
20
10 11 2 16 17 15 1 3 14 8 6 13 4 9 36 7 5 12
20
20
10 11 2 3 1 14 16 17 1 15 8 6 13 4 9 22 7 12 5
10 11 2 3 1 14 16 17 15 1 8 6 13 4 9 22 7 45 12 5
10 11 2 16 17 1 3 15 14 8 6 13 4 9 7 5 12
20
10 11 2 16 17 1 3 14 15 8 6 13 4 9 7 12 5
20
10 11 2 3 1 14 16 17 1 15 8 6 13 4 9 5 7 12
241 111 111 111
10 11 2 3 1 13 4 25 8 6 4 9 27 26 7 12 5
10 11 2 3 1 14 16 17 1 15 8 6 13 4 9 7 12 5
10 11 2 16 17 1 3 15 14 8 6 13 4 9 7 12 5
10 11 2 3 1 14 16 17 1 15 8 6 13 4 9 7 12 5
20
10 11 2 16 17 1 3 14 15 1 8 6 13 4 9 5 7 12
10 11 2 16 17 1 3 14 15 8 6 13 4 9 7 12 5
10 11 2 16 17 1 3 14 15 8 6 13 4 9 7 12 5
20
44 10 11 2 16 17 1 3 15 14 8 6 13 4 9 7 12 5
10 11 2 3 1 14 16 17 1 15 8 6 13 4 9 7 12 5
10 11 2 16 17 15 3 14 8 6 13 4 9 7 12 5
10 11 2 16 17 15 3 14 8 6 13 4 9 7 12 5
10 11 28 2 2 2 2 3 3 3 3 1 1 1 1 23 5 5 5 5 1 1 1 1 1 1 29 13 4 25 8 6 4 9 27 26 7 12 8 6 4 9 7
20
10 11 2 2 3 8 3 6 13 4 9 7 12 5 5
10 11 2 16 17 1 3 14 15 1 8 6 13 4 9 7 5 12
20
20
20
10 11 2 2 2 2 3 3 3 3 28 1 1 1 1 23 5 5 5 5 1 1 1 1 1 29 13 4 25 8 6 4 9 27 26 7 12 8 6 4 9 7 1
10 11 2 16 17 1 3 14 15 8 6 13 4 9 7 12 5
10 11 2 2 2 2 3 3 3 28 3 1 1 1 1 23 5 5 5 5 1 1 1 1 8 6 13 4 9 34 7 12 29 4 33 8 6 4 9 7 1
10 11 35 13 4 8 6 4 9 7 12
20
10 11 2 3 1 14 16 17 1 15 8 6 13 4 9 7 12 5
198 135 135 135
20
10 11 2 16 17 15 1 3 14 8 6 13 4 9 7 12 5
20
10 11 2 16 17 1 3 15 14 8 6 13 4 9 7 12 5
20
10 11 2 3 1 14 16 17 15 8 6 13 4 9 7 12 5
10 11 2 16 17 1 3 14 15 8 6 13 4 9 7 5 12
10 11 173 13 4 8 6 4 9 7 12
10 11 28 2 2 2 2 3 3 3 3 1 1 1 1 23 5 5 5 5 1 1 1 1 8 6 13 4 9 7 34 12 29 4 33 8 6 4 9 7
10 11 2 16 17 1 3 14 15 8 6 13 4 36 9 7 12 5
10 11 2 16 17 1 3 15 14 8 6 13 4 9 7 12 5
10 11 2 16 17 1 3 15 14 8 6 13 4 9 7 12 5
10 11 2 3 1 14 16 17 1 15 8 6 13 4 9 7 12 5
20
10 11 2 16 17 15 1 3 14 8 6 13 4 9 7 12 5
10 11 2 16 17 1 3 15 14 8 6 13 4 9 7 12 5
20
20
20
10 11 2 16 17 15 1 3 14 8 6 13 4 9 7 5 12
10 11 2 3 1 14 16 17 1 15 8 6 13 4 9 7 12 5
20
20
20
20
10 11 2 3 1 14 16 17 1 15 8 6 13 4 9 7 12 5
10 11 2 3 1 13 4 25 8 6 4 9 27 26 7 12 5
10 11 2 3 1 14 16 17 1 15 8 6 13 4 9 7 12 5
286 82 82 82
10 11 2 3 1 14 16 17 1 15 8 6 13 4 9 22 7 12 5
20
10 11 2 16 17 1 3 15 14 1 8 6 13 4 9 7 12 5
10 11 2 16 17 1 3 14 15 8 6 13 4 9 7 12 5
10 11 2 3 1 13 4 25 8 6 4 9 27 26 7 12 5
10 11 2 3 1 14 16 17 1 15 1 8 6 13 4 9 7 12 5
20
10 11 2 16 17 15 3 1 14 8 6 13 4 9 7 12 5
10 11 2 3 1 14 16 17 15 8 6 13 4 9 7 12 5
10 11 2 16 17 1 3 15 14 1 8 6 13 4 9 5 7 12
10 11 2 16 17 1 3 14 15 8 6 13 4 9 7 12 5
261 100 100 100
10 11 2 3 1 14 16 17 1 15 8 6 13 4 9 7 12 5
20
262 109 109 109
10 11 173 13 4 251 8 6 4 9 252 7 12
10 11 2 16 17 1 3 14 15 8 6 13 4 9 7 12 5
44 10 11 2 16 17 1 3 15 14 8 6 13 4 9 7 12 5
20
20
10 11 2 16 17 1 3 14 15 8 6 13 4 9 7 12 5
10 11 2 16 17 1 3 15 14 8 6 13 4 9 7 12 5
10 11 28 2 2 2 2 3 3 3 3 1 1 1 1 23 5 5 5 5 1 1 1 1 1 1 1 29 13 4 25 8 6 4 9 27 26 7 12 8 6 4 9 7 1
20
10 11 2 16 17 1 3 15 14 8 6 13 4 9 7 12 22 5
194 69 69 69
10 11 2 16 17 15 3 14 8 6 13 4 9 7 5 12 1
10 11 2 16 17 1 3 15 14 8 6 13 4 9 7 12 5
10 11 2 3 1 14 16 17 1 15 8 6 13 4 9 7 5 12
189 122 122 122
10 11 2 3 1 13 4 25 8 6 4 9 27 26 7 12 5
20
10 11 2 3 1 14 16 17 1 15 8 6 13 4 9 7 12 5
10 11 2 16 17 1 3 15 14 1 8 6 13 4 9 7 12 5
20
10 11 2 16 17 1 3 15 14 8 6 13 4 9 7 12 5
10 11 2 16 17 1 3 14 15 8 6 13 4 36 9 7 5 12
20
10 11 2 3 1 14 16 17 1 15 8 6 13 4 9 7 12 5
269 98 98 98
20
10 11 2 3 1 14 16 17 1 15 8 6 13 4 9 7 12 5
20
10 11 2 3 1 14 16 17 1 15 8 6 13 4 9 7 12 5
10 11 2 16 17 1 3 14 15 8 6 13 4 9 7 12 5
20
10 11 35 13 4 8 6 4 9 7 12
10 11 2 3 1 14 16 17 1 15 8 6 13 4 9 7 12 5
10 11 2 3 1 14 16 17 1 15 8 6 13 4 9 7 12 5
10 11 2 3 1 14 16 17 1 15 8 6 13 4 9 7 12 5
10 11 35 13 4 42 8 6 4 9 43 7 12
20
10 11 2 16 17 1 3 14 15 8 6 13 4 9 7 12 5
20
20
10 11 2 3 1 14 16 17 1 15 1 8 6 13 4 9 7 12 5
20
10 11 2 16 17 1 3 15 14 8 6 13 4 9 7 12 5
10 11 28 2 2 2 2 3 3 3 3 1 1 1 1 23 5 5 5 5 1 1 1 1 8 6 13 4 9 34 7 12 29 4 33 8 6 4 9 7
20
10 11 2 16 17 1 3 14 15 8 6 13 4 9 7 12 5
10 11 2 3 1 14 16 17 1 15 1 8 6 13 4 9 7 12 5
20
20
20
10 11 2 3 1 14 16 17 1 15 8 6 13 4 9 22 7 5 12
20
20
20
10 11 2 16 17 1 3 15 14 8 6 13 4 9 7 12 5
10 11 2 3 1 14 16 17 1 15 8 6 13 4 9 7 12 5
10 11 2 16 17 1 3 14 15 1 8 6 13 4 9 22 5 7 12
20
20
10 11 2 3 1 14 16 17 1 15 8 6 13 4 9 7 12 5
203 175 175
20
10 11 2 16 17 15 1 3 14 8 6 13 4 9 7 12 5
10 11 2 3 1 14 16 17 1 15 8 6 13 4 9 5 7 12
20
10 11 2 3 1 14 16 17 1 15 8 6 13 4 9 7 12 5
10 11 35 13 4 42 8 6 4 9 43 7 12
10 11 2 16 17 1 3 14 15 8 6 13 4 9 7 12 5
20
20
20
10 11 2 16 17 1 3 15 14 8 6 13 4 9 7 12 5
10 11 2 3 1 14 16 17 15 1 8 6 13 4 9 7 12 5
10 11 2 2 2 2 3 3 3 3 1 1 1 1 28 23 5 5 5 5 1 1 1 1 29 13 4 25 8 6 4 9 22 27 26 7 12 8 6 4 9 7
20
10 11 2 3 1 14 16 17 1 15 8 6 13 4 9 7 12 5
10 11 2 16 17 1 3 14 15 8 6 13 4 9 7 12 5
10 11 2 3 1 14 16 17 1 15 8 6 13 4 9 7 12 5
20
20
20
20
10 11 2 3 1 14 16 17 1 15 8 6 13 4 9 7 12 5
20
10 11 2 3 1 14 16 17 15 8 6 13 4 9 7 12 5
20
20
250 84 84 84
10 11 2 3 1 14 16 17 1 15 1 8 6 13 4 9 7 5 12
10 11 2 3 1 14 16 17 15 8 6 13 4 9 22 7 12 5
20
10 11 2 3 1 14 16 17 15 8 6 13 4 9 7 12 5
10 11 2 3 1 13 4 25 8 6 4 9 27 26 7 12 5
10 11 2 16 17 1 3 14 15 8 6 13 4 9 7 12 5
10 11 2 3 1 14 16 17 1 15 8 6 13 4 9 7 5 12
20
10 11 2 3 1 14 16 17 1 15 8 6 13 4 9 7 12 5
20
20
10 11 2 3 1 14 16 17 15 8 6 13 4 9 7 12 5
10 11 2 3 1 14 16 17 1 15 8 6 13 4 9 7 12 5
20
10 11 2 3 1 14 16 17 1 15 1 8 6 13 4 9 7 5 12
10 11 2 3 1 14 16 17 1 15 8 6 13 4 9 7 12 5
10 11 2 3 1 14 16 17 1 15 8 6 13 4 9 7 12 5
20
10 11 2 3 1 14 16 17 1 15 8 6 13 4 9 7 12 5
20
20
10 11 2 3 1 14 16 17 1 15 8 6 13 4 9 7 12 5
10 11 2 3 1 14 16 17 1 15 1 8 6 13 4 9 5 7 12
10 11 2 3 1 14 16 17 1 15 8 6 13 4 9 5 7 12
10 11 2 3 1 14 16 17 1 15 8 6 13 4 9 7 12 5
10 11 2 3 1 14 16 17 1 15 8 6 13 4 9 7 12 5
20
20
44 10 11 2 16 17 1 3 14 15 8 6 13 4 9 7 5 12
10 11 2 3 1 14 16 17 15 8 6 13 4 9 7 5 12
20
10 11 2 16 17 1 3 15 14 8 6 13 4 9 7 12 5
10 11 2 16 17 1 3 15 14 8 6 13 4 9 7 12 5
10 11 2 16 17 1 3 15 14 8 6 13 4 9 7 5 12
20
10 11 2 16 17 1 3 15 14 8 6 13 4 9 7 12 5
10 11 2 16 17 1 3 14 15 8 6 13 4 9 5 7 12
10 11 2 3 1 14 16 17 15 8 6 13 4 9 7 12 5
10 11 2 3 1 14 16 17 1 15 8 6 13 4 9 22 7 12 5
10 11 2 16 17 1 3 14 15 8 6 13 4 9 7 12 5
10 11 1 28 2 2 2 2 3 3 3 1 3 1 1 1 23 5 5 5 5 1 1 1 1 1 8 6 13 4 9 7 12 29 4 33 8 6 4 9 7
10 11 2 3 1 14 16 17 15 8 6 13 4 9 7 12 5
10 11 2 16 17 1 3 15 14 8 6 13 4 9 22 7 12 5
20
20
10 11 2 3 1 14 16 17 1 15 8 6 13 4 9 7 12 5
10 11 2 3 1 14 16 17 1 15 1
20
20
10 11 2 16 17 1 3 15 14 8 6 13 4 9 7 12 5
20
220 119 119 119
20
20
10 11 2 3 1 14 16 17 1 15 8 6 13 4 9 7 12 5
10 11 2 16 17 1 3 15 14 8 6 13 4 9 7 12 5
10 11 2 3 1 14 16 17 1 15 1 8 6 13 4 9 7 12 5
20
10 11 2 3 1 14 16 17 1 15 8 6 13 4 9 7 12 5
10 11 2 3 1 14 16 17 1 15 8 6 13 4 36 9 7 12 5
10 11 2 3 1 14 16 17 15 1 8 6 13 4 9 7 12
20
20
10 11 2 3 1 14 16 17 1 15 8 6 13 4 9 7 12 5
20
10 11 2 3 1 14 16 17 1 15 8 6 13 4 9 22 7 12 5
10 11 35 13 4 42 8 6 4 9 43 7 12
300 76 76 76
10 11 2 16 17 1 3 15 14 8 6 13 4 9 7 12 5
10 11 2 3 1 14 16 17 1 15 8 6 13 4 9 7 12 5
20
10 11 2 3 1 14 16 17 15 1 8 6 13 4 9 5 7 12
20
20
20
10 11 2 3 16 17 1 14 1 15 8 6 13 4 9 7 12 5
20
10 11 2 16 17 1 3 14 15 8 6 13 4 9 7 12 5
10 11 2 3 1 14 16 17 1 15 8 6 13 4 36 9 7 12 5
10 11 2 3 1 14 16 17 1 15 8 6 13 4 36 9 7 45 12 5
10 11 2 16 17 1 3 15 14 8 6 13 4 9 7 5 12
10 11 2 3 1 14 16 17 1 15 1 8 6 13 4 9 7 12 5
10 11 2 16 17 1 3 14 15 8 6 13 4 9 7 12 5
10 11 2 16 17 1 3 15 14 1 8 6 13 4 9 7 12 5
20
10 11 2 3 1 14 16 17 1 15 8 6 13 4 9 7 12 5
10 11 35 13 4 42 8 6 4 9 43 7 12
10 11 2 3 1 14 16 17 1 15 8 6 13 4 9 7 5 12
10 11 2 3 16 17 14 1 15 8 6 13 4 9 7 12 5
20
10 11 48 13 4 8 22 6 4 9 7 12
10 11 2 3 1 14 16 17 1 15 8 6 13 4 9 5 7 12
10 11 35 13 4 42 8 6 4 9 43 7 12
20
20
20
10 11 2 3 14 16 17 1 15 8 6 13 4 9 5 7 12
20
10 11 1 2 2 2 2 28 3 3 3 3 1 1 1 1 23 5 5 5 5 1 1 1 1 8 6 13 4 9 7 34 12 29 4 33 8 6 4 9 7
20
20
20
10 11 2 3 1 14 16 17 15 8 6 13 4 9 7 12 5
10 11 2 3 1 13 4 25 8 6 4 9 27 26 7 12 5
20
10 11 2 3 1 14 16 17 1 15 1 8 6 13 4 9 7 12 5
20
20
10 11 2 3 1 14 16 17 1 15 8 6 13 4 9 7 12 5
20
20
10 11 2 3 1 14 16 17 1 15
20
20
10 11 2 3 1 14 16 17 15 1 8 6 13 4 9 7 12 5
20
20
44 10 11 2 3 1 14 16 17 1 15 8 6 13 4 9 7 5 12
10 11 2 3 1 14 16 17 1 15 8 6 13 4 9 7 12 5
20
10 11 2 16 17 1 3 14 15 8 6 13 4 9 7 12 5
10 11 2 3 1 14 16 17 1 15 8 6 13 4 9 7 22 12 5
10 11 2 16 17 15 3 14 8 6 13 4 9 5 7 12
10 11 2 16 17 1 3 15 14 8 6 13 4 9 7 12 5
20
10 11 2 16 17 1 3 14 1 15 8 6 13 4 9 7 12 5
10 11 2 16 17 1 3 14 15 8 6 13 4 9 5 7 12
20
20
10 11 2 3 1 13 4 25 8 6 4 9 27 26 7 12 5
20
20
10 11 312 8 6 13 4 9 313 7 12
10 11 2 16 17 1 3 14 15 8 6 13 4 9 7 12 5
10 11 2 16 17 15 3 14 8 6 13 4 9 7 5 12
10 11 2 16 17 15 3 14 8 6 13 4 9 7 12 5
211 118 118 118
10 11 2 3 1 14 16 17 1 15 8 6 13 4 9 7 12 5
10 11 2 16 17 1 3 15 14 8 6 13 4 9 7 12 5
20
10 11 2 3 1 14 16 17 1 15 8 6 13 4 9 7 12 5
20
20
10 11 48 13 4 8 6 4 9 7 12
10 11 2 3 1 14 16 17 1 15 8 6 13 4 9 7 12 5
20
10 11 2 16 17 1 3 15 14 8 6 13 4 9 7 5 12
10 11 2 2 2 28 2 3 3 3 3 1 1 1 1 23 5 5 5 5 1 1 1 1 8 6 13 4 9 7 12 29 4 33 8 6 4 9 7 1
10 11 2 3 1 14 16 17 1 15 8 6 13 4 36 9 7 12 5
10 11 2 3 1 14 16 17 1 15 8 6 13 4 9 7 12 5
10 11 2 3 1 14 16 17 1 15 8 6 13 4 9 7 12 5
281 91 91 91
20
217 137 137 137
10 11 2 3 1 14 16 17 1 15 8 6 13 4 9 7 12 5
20
10 11 2 3 1 14 16 17 1 15 8 6 13 4 9 7 12 5
20
10 11 2 3 1 14 16 17 1 15 8 6 13 4 9 7 12 5
10 11 2 3 1 14 16 17 15 8 6 13 4 9 7 12 5
10 11 2 16 17 1 3 14 15 8 6 13 4 9 7 12 5
10 11 2 3 1 14 16 17 1 15 8 6 13 4 9 7 5 12
10 11 2 16 17 1 3 15 1 14 8 6 13 4 9 7 12 5
20
10 11 2 3 1 14 16 17 1 15 8 6 13 4 9 7 12 5
20
10 11 2 3 1 13 4 25 8 6 4 9 27 26 7 12 5
20
20
44 10 11 2 16 17 1 3 14 15 8 6 13 4 9 7 5 12
10 11 2 3 1 13 4 25 8 6 4 9 27 26 7 12 5
20
10 11 2 3 1 14 16 17 1 15 1 8 6 13 4 9 7 12 5
10 11 2 3 1 14 16 17 1 15 8 6 13 4 9 7 12 5
20
10 11 2 3 1 14 16 17 1 15 8 6 13 4 9 7 12 5
10 11 2 16 17 1 3 14 15 8 6 13 4 9 7 12 5
10 11 2 3 1 14 16 17 15 8 6 13 4 9 5 7 12
10 11 2 3 16 17 14 1 15 8 6 13 4 9 7 12 5
10 11 2 3 1 14 16 17 1 15 8 6 13 4 9 7 12 5
10 11 2 3 1 14 16 17 1 15 8 6 13 4 9 5 7 12
20
20
10 11 2 3 1 14 16 17 1 15 8 6 13 4 9 7 12 5
10 11 2 16 17 1 3 14 15 8 6 13 4 9 7 12 5
10 11 2 2 2 2 3 3 3 3 1 1 1 28 1 23 5 5 5 5 1 1 1 1
20
20
10 11 2 16 17 1 3 15 14 8 6 13 4 9 7 12 5
20
10 11 2 16 17 15 3 14 8 6 13 4 9 7 12 5
10 11 2 3 1 14 16 17 1 15 8 6 13 4 9 7 12 5
20
10 11 2 3 1 14 16 17 1 15 8 6 13 4 9 7 12 5
10 11 8 6 4 9 7 12
10 11 2 16 17 15 1 3 14 8 6 13 4 9 7 5 12
10 11 2 3 1 13 4 25 8 6 4 9 27 26 7 12 5
20
20
20
10 11 28 2 2 2 2 3 3 3 3 1 1 1 1 23 1 5 5 5 5 1 1 1 1 1 8 6 13 4 9 7 34 12 29 4 33 8 6 4 9 7
10 11 2 3 1 14 16 17 1 15 8 6 13 4 9 22 7 12 5
10 11 2 3 1 14 16 17 1 15 8 6 13 4 9 7 12 5
10 11 2 3 1 14 16 17 15 8 6 13 4 9 7 12 5
20
10 11 2 3 1 14 16 17 15 8 6 13 4 9 7 12 5
20
10 11 2 3 1 14 16 17 1 15 8 6 13 4 9 7 12 5
10 11 2 3 1 14 16 17 1 15 8 6 13 4 9 7 12 5
20
10 11 2 3 16 17 1 14 15 8 6 13 4 9 5 7 12
10 11 2 3 1 13 4 25 8 6 4 9 27 26 7 12 5
10 11 2 3 1 14 16 17 1 15 8 6 13 4 9 7 12 5
10 11 2 1 3 16 17 14 15 8 6 13 4 9 7 12 5
20
10 11 2 2 3 3 8 6 13 4 9 7 12 5 5
10 11 2 3 1 14 16 17 15 8 6 13 4 9 7 12 5
20
10 11 28 2 2 2 2 3 3 3 3 1 1 1 1 23 5 5 5 5 1 1 1 1
10 11 2 16 17 1 3 15 14 8 6 13 4 9 7 5 12
10 11 2 3 1 14 16 17 15 8 6 13 4 9 7 12 5
10 11 2 3 1 14 16 17 15 8 6 13 4 9 7 12 5
10 11 2 3 1 14 16 17 1 15 8 6 13 4 9 7 22 5 12
10 11 2 3 1 14 16 17 1 15 8 6 13 4 9 7 12 5
10 11 2 3 1 14 16 17 1 15 8 6 13 4 9 5 7 12
20
20
10 11 2 16 17 1 3 14 15 8 6 13 4 9 7 12 5
20
20
20
20
10 11 2 16 17 1 3 15 14 8 6 13 4 9 7 12 5
10 11 2 16 17 1 3 14 15 8 6 13 4 9 7 12 5
10 11 2 16 17 15 3 14 8 6 13 4 9 7 12 5
20
20
10 11 2 16 17 1 3 14 15 8 6 13 4 9 7 12 5
20
20
10 11 2 3 1 13 4 25 8 6 4 9 27 26 7 12 5
10 11 2 3 1 14 16 17 1 15 8 6 13 4 9 7 12 5
10 11 2 16 17 1 3 15 14 8 6 13 4 9 7 12 5
10 11 2 16 17 1 3 14 15 8 6 13 4 9 7 5 12
10 11 2 16 17 1 3 14 15 8 6 13 4 9 7 12 5
10 11 2 3 14 16 17 1 15 1 8 6 13 4 9 22 7 12 5
20
10 11 2 3 1 14 16 17 1 15 8 6 13 4 9 7 12 5
10 11 2 3 1 14 16 17 1 15 1 8 6 13 4 9 7 12 5
20
10 11 2 3 1 14 16 17 1 15 8 6 13 4 9 7 12 5
20
298 114 114 114
10 11 2 3 1 14 16 17 1 15 8 6 13 4 9 22 7 12 5
10 11 2 3 1 13 4 25 8 6 4 9 27 26 7 12 5
10 11 2 3 1 14 16 17 1 15 8 6 13 4 9 5 7 12
10 11 2 3 1 14 16 17 1 15 8 6 13 4 9 7 12 5
20
10 11 28 2 2 2 2 3 3 3 3 1 1 1 1 23 5 5 5 5 1 1 1 1 1 1 29 13 4 25 8 6 4 9 27 26 7 12 8 6 4 9 7 1
20
10 11 2 3 1 14 16 17 15 8 6 13 4 9 7 12 5
10 11 2 3 1 14 16 17 1 15 8 6 13 4 9 7 12 5
20
20
10 11 2 16 17 1 3 15 14 8 6 13 4 9 22 7 5 12
10 11 28 2 2 2 2 3 3 3 3 1 1 1 1 23 5 5 5 5 1 1 1 1 1 29 13 4 25 8 6 4 9 27 26 7 12 8 6 4 9 7
10 11 2 16 17 1 3 15 14 8 6 13 4 9 7 12 5
10 11 2 16 17 1 3 14 15 8 6 13 4 9 22 7 5 12
10 11 2 3 1 14 16 17 1 15 8 6 13 4 9 7 12 5
10 11 2 16 17 1 3 15 14 8 6 13 4 9 7 12 5
10 11 2 3 1 14 16 17 15 1 1 8 6 13 4 9 7 5 12
20
10 11 2 3 1 13 4 25 8 6 4 9 27 26 7 12 5
10 11 28 2 2 2 2 3 3 3 3 1 1 1 1 23 5 5 5 5 1 1 1 1 8 6 13 4 9 34 7 12 29 4 33 8 6 4 9 7
10 11 2 16 17 1 3 14 15 8 6 13 4 9 7 12 5
10 11 2 3 1 14 16 17 1 15 8 6 13 4 9 7 12 5
10 11 2 3 1 14 16 17 1 15 8 6 13 4 9 7 12 5
20
10 11 2 16 17 1 3 15 14 8 6 13 4 9 7 12 5
20
20
20
20
20
20
10 11 28 2 2 2 2 3 3 3 3 1 1 1 1 23 5 5 5 5 1 1 1 1 8 6 13 4 9 7 34 12 29 4 33 8 6 4 9 7
20
20
20
10 11 2 16 17 1 3 15 14 8 6 13 4 9 7 12 5
10 11 2 16 17 1 3 14 15 8 6 13 4 9 5 7 12
10 11 2 3 1 14 16 17 1 15 8 6 13 4 9 7 12 5
20
10 11 2 3 1 14 16 17 1 15 8 6 13 4 9 7 12 5
20
10 11 2 2 2 2 3 3 3 3 1 1 1 1 14 14 14 14 16 17 1 1 1 1 15 23 5 5 5 5 32 32 31 1 1 31 259 38 6 8 6 13 4 9 34 7 12
20
20
10 11 2 16 17 1 3 14 15 8 6 13 4 9 7 12 5
10 11 2 3 1 14 16 17 1 15 8 6 13 4 9 7 12 5
10 11 2 2 2 2 3 3 3 3 28 1 1 1 1 23 5 5 5 5 1 1 1 1 29 13 4 25 8 6 4 9 27 26 7 12
10 11 2 16 17 1 3 14 15 8 6 13 4 9 5 7 12
10 11 2 3 1 14 16 17 1 15 8 6 13 4 9 7 12 5
20
10 11 2 3 1 14 16 17 1 15 8 6 13 4 9 7 5 12
20
10 11 2 16 17 15 3 14 8 6 13 4 9 7 12 5
10 11 2 3 1 14 16 17 15 8 6 13 4 9 7 5 12
20
20
10 11 2 16 17 1 3 15 14 8 6 13 4 9 7 12 5
10 11 2 16 17 1 3 15 14 8 6 13 4 9 7 5 12
10 11 2 16 17 1 3 15 14 8 6 13 4 9 7 12 5
20
10 11 2 3 1 14 16 17 1 15 8 6 13 4 9 5 7 12
253 149 149
20
20
20
20
20
20
10 11 2 16 17 1 3 15 14 8 6 13 4 9 7 12 1 5
10 11 2 3 1 14 16 17 1 15 8 6 13 4 9 22 7 12 5
10 11 2 16 17 1 3 14 15 8 6 13 4 9 7 12 5
10 11 2 3 1 14 16 17 1 15 8 6 13 4 9 7 12 5
20
20
10 11 221 35 13 4 8 6 4 9 7 12
10 11 2 3 1 14 16 17 15 8 6 13 4 9 7 22 12 5
10 11 2 3 14 16 17 1 15 8 6 13 4 9 7 12 5
10 11 2 3 1 13 4 25 8 6 4 9 27 26 7 12 5
10 11 2 2 2 2 3 3 3 3 1 1 1 1 28 1 23 5 5 5 5 1 1 1 1 1 29 13 4 25 8 6 4 9 27 26 7 12 8 6 4 9 7
10 11 2 2 2 2 3 3 3 3 1 1 1 1 28 23 5 5 5 5 1 1 1 1 1 1 1 29 13 4 25 8 6 4 9 27 26 7 12 8 6 4 9 7 1
10 11 2 3 1 13 4 25 8 6 4 9 27 26 7 12 5
20
10 11 2 3 1 13 4 25 8 6 4 9 27 26 7 12 5
10 11 2 3 1 14 16 17 1 15 8 6 13 4 9 7 12 5
10 11 2 3 1 14 16 17 1 15 8 6 13 4 9 7 12 5
10 11 2 16 17 1 3 14 15 8 6 13 4 9 7 12 5
10 11 2 16 17 1 3 15 14 8 6 13 4 9 7 12 5
10 11 2 3 1 14 16 17 1 15 8 6 13 4 9 7 12 5
10 11 2 3 1 14 16 17 1 15 8 6 13 4 9 7 12 5 1
10 11 2 3 1 14 16 17 1 15 8 6 13 4 9 7 12 5
20
10 11 2 3 1 14 16 17 15 1 8 6 13 4 9 7 12 5
10 11 2 16 17 1 3 14 15 8 6 13 4 9 5 7 12
20
20
206 141 141 141
10 11 2 3 1 14 16 17 1 15 8 6 13 4 9 22 7 12 5
20
10 11 2 16 17 1 3 15 14 1 8 6 13 4 9 7 12 5
10 11 2 2 2 2 3 3 3 3 1 1 1 28 1 23 1 5 5 5 5 1 1 1 1 8 6 13 4 9 7 12 29 4 33 8 6 4 9 7
20
10 11 2 3 1 14 16 17 1 15 8 6 13 4 9 7 12 5
10 11 2 3 1 14 16 17 15 8 6 13 4 9 7 12 5
10 11 2 3 16 17 1 14 15 8 6 13 4 9 7 12 5
10 11 2 3 1 14 16 17 1 15 8 6 13 4 9 7 12 5
10 11 2 3 1 14 16 17 1 15 8 6 13 4 9 7 12 5
20
10 11 2 3 1 14 16 17 1 15 8 6 13 4 9 7 12 5
10 11 2 16 17 1 3 14 15 8 6 13 4 9 7 12 5
20
10 11 2 3 1 14 16 17 1 15 8 6 13 4 9 7 12 5
10 11 35 13 4 42 8 6 4 9 43 7 12
10 11 2 3 1 14 16 17 1 15 1 8 6 13 4 9 7 12 5
20
10 11 2 16 17 1 3 15 14 8 6 13 4 9 5 7 12 1
10 11 2 3 1 14 16 17 1 15 8 6 13 4 9 7 12 5
20
10 11 2 3 1 14 16 17 1 15 8 6 13 4 9 7 12 5
20
20
20
10 11 2 3 1 14 16 17 1 15 8 6 13 4 9 5 7 12
20
20
20
41 41 41 41
20
10 11 2 3 1 14 16 17 1 15 8 6 13 4 9 7 12 5
297 77 77 77
10 11 2 3 1 14 16 17 1 15 8 6 13 4 9 7 5 12
20
20
10 11 2 16 17 1 3 15 14 8 6 13 4 9 7 12 5
20
20
10 11 2 2 2 2 3 3 3 3 28 1 1 1 1 23 5 5 5 5 1 1 1 1 8 6 13 4 9 7 12 29 4 33 8 6 4 9 7 1
20
10 11 2 3 1 14 16 17 15 8 6 13 4 9 7 12 5
10 11 2 16 17 1 3 15 14 8 6 13 4 9 7 12 5
10 11 2 3 1 14 16 17 1 15 8 6 13 4 9 7 12 5
44 10 11 2 3 1 14 16 17 1 15 8 6 13 4 9 7 12 5
10 11 2 16 17 1 3 15 14 8 6 13 4 9 5 7 12
10 11 2 16 17 1 3 14 15
10 11 2 3 1 14 16 17 1 15 8 6 13 4 9 7 12 5
10 11 2 3 1 14 16 17 1 15 8 6 13 4 9 7 12 5
10 11 2 3 1 14 16 17 1 15 8 6 13 4 9 7 12 5
10 11 2 16 17 15 3 14 8 6 13 4 9 7 12 5
10 11 2 3 1 14 16 17 1 15 8 6 13 4 9 7 12 5
10 11 2 16 17 1 3 15 14 8 6 13 4 9 7 12 5
10 11 2 3 14 16 17 1 15 1 8 6 13 4 9 5 7 12
10 11 2 3 1 14 16 17 1 15 8 6 13 4 9 7 12 5
10 11 35 13 4 42 8 6 4 9 43 7 12
10 11 2 3 1 13 4 25 8 6 4 9 27 26 7 12 5
20
10 11 2 16 17 1 3 15 14 8 6 13 4 9 5 7 12
20
10 11 2 16 17 1 3 14 15 8 6 13 4 9 5 7 12
10 11 2 3 1 14 16 17 15 1 8 6 13 4 9 7 12 1 5
20
20
20
20
10 11 2 2 2 2 3 3 3 3 1 1 1 1 28 23 5 5 5 5 1 1 1 1 8 6 13 4 9 34 7 12 29 4 33 8 6 4 9 7
190 121 121 121
10 11 2 16 17 1 3 15 14 8 6 13 4 9 22 7 12 5
20
20
10 11 2 3 1 14 16 17 1 15 1 8 6 13 4 9 7 12 5
20
233 170 170
10 11 2 3 1 14 16 17 1 15 8 6 13 4 9 7 12 5
10 11 2 3 1 14 16 17 15 8 6 13 4 9 7 12 5
319 63 63 63
20
10 11 2 3 1 14 16 17 1 15 8 6 13 4 9 7 12 5
10 11 2 3 1 14 16 17 15 1 8 6 13 4 9 7 12 5
10 11 2 16 17 1 3 15 14 8 6 13 4 9 7 12 5
10 11 35 13 4 8 6 4 9 7 12
20
185 57 57 57
10 11 2 3 1 14 16 17 15 8 6 13 4 9 7 12 5
10 11 2 3 1 14 16 17 1 15 8 6 13 4 9 22 7 5 12
20
10 11 2 3 1 14 16 17 1 15 8 6 13 4 9 7 12 5
10 11 2 16 17 1 3 15 14 8 6 13 4 9 7 12 5
199 134 134 134
20
10 11 35 13 4 42 8 6 4 9 43 7 12
10 11 2 3 1 14 16 17 1 15 8 6 13 4 9 7 12 5
20
229 106 106 106
10 11 2 16 17 1 3 15 14 8 6 13 4 9 7 12 5
260 86 86 86
20
10 11 2 2 2 2 3 3 3 3 1 1 1 1 28 23 5 5 5 5 1 1 1 1 8 6 13 4 9 7 12 29 4 33 8 6 4 9 7
20
10 11 2 2 3 3 1 166 8 6 13 4 9 168 7 12 5 5
20
197 139 139 139
10 11 2 3 1 14 16 17 15 1 8 6 13 4 9 7 12 5
10 11 2 2 8 3 3 6 13 4 9 7 12 5 5
10 11 2 2 2 2 3 3 3 3 28 1 1 1 1 23 5 5 5 5 1 1 1 1 8 6 13 4 9 34 7 12 29 4 33 8 6 4 9 7
20
10 11 2 3 1 14 16 17 1 15 8 6 13 4 36 9 5 7 12
10 11 2 3 16 17 14 15 8 6 13 4 9 22 7 12 5
10 11 2 16 17 1 3 15 14 8 6 13 4 9 7 12 5
10 11 28 2 2 2 2 3 3 3 3 1 1 1 1 23 5 5 5 5 1 1 1 1 8 6 13 4 9 7 12 29 4 33 8 6 4 9 7
20
20
41 41 41 41 41 41 41 41 41 41 41
10 11 2 3 1 14 16 17 1 15 8 6 13 4 9 7 22 12 5
20
20
10 11 35 13 4 42 8 6 4 9 43 7 12
20
10 11 2 16 17 1 3 14 15 8 6 13 4 9 7 12 5
10 11 2 3 1 14 16 17 1 15 8 6 13 4 9 7 12 5
10 11 2 16 17 1 3 15 14 8 6 13 4 9 7 12 5
10 11 2 2 2 2 16 17 1 3 1 3 14 1 3 14 1 3 14 15 14 23 5 5 5 5 32 32 32 32 31 31 31 31 39 39 38 6 38 6 8 6 13 4 9 7 12
10 11 2 16 17 1 3 14 15 8 6 13 4 9 7 12 5
10 11 2 3 1 14 16 17 1 15 8 6 13 4 9 7 12 5
20
10 11 2 3 1 14 16 17 1 15 8 6 13 4 9 7 12 5
10 11 2 3 1 14 16 17 1 15 8 6 13 4 9 7 12 5
10 11 2 3 1 14 16 17 1 15 8 6 13 4 9 7 12 5
10 11 2 3 1 14 16 17 1 15 8 6 13 4 9 5 7 12
10 11 2 3 1 14 16 17 1 15 8 6 13 4 9 7 12 5
20
20
20
10 11 2 3 1 14 16 17 1 15 8 6 13 4 9 7 12 5
10 11 2 3 1 14 16 17 1 15 8 6 13 4 9 7 12 5
20
10 11 2 3 1 14 16 17 1 15 8 6 13 4 9 7 12 5
10 11 2 3 1 14 16 17 1 15 8 6 13 4 9 7 12 5
10 11 2 16 17 1 3 15 14 8 6 13 4 9 7 12 5
20
10 11 2 16 17 1 3 14 1 15 8 6 13 4 9 7 12 5
20
10 11 2 2 2 2 3 3 3 3 16 1 14 17 14 14 14 1 1 1 1 15 23 5 5 5 5 32 32 32 31 32 31 31 31 39 39 39 38 6 8 6 13 4 9 34 7 12
20
20
20
20
20
10 11 2 2 2 2 28 3 3 3 3 1 1 1 1 23 5 5 5 5 1 1 1 1 8 6 13 4 9 7 12
20
20
20
20
10 11 2 3 1 14 16 17 1 15 8 6 13 4 9 7 12 5
10 11 2 3 1 14 16 17 1 15 8 6 13 4 9 7 12 5
243 110 110 110
10 11 2 3 1 14 16 17 1 15 8 6 13 4 9 7 12 5
10 11 2 3 1 14 16 17 1 15 1 8 6 13 4 9 7 12 5
20
10 11 2 16 17 1 3 15 14 8 6 13 4 9 7 12 5
216 120 120 120
10 11 2 3 1 14 16 17 1 15 8 6 13 4 9 7 12 5
20
10 11 2 3 1 14 16 17 1 15 8 6 13 4 9 7 12 5
44 10 11 2 3 1 14 16 17 1 15 8 6 13 4 9 7 12 1 5
10 11 2 3 1 14 16 17 1 15 8 6 13 4 9 7 5 12
10 11 2 16 17 1 3 15 14 8 6 13 4 9 22 7 12 5
20
10 11 35 13 4 8 6 4 9 7 12
10 11 28 2 2 2 2 3 3 3 3 1 1 1 1 23 5 5 5 5 1 1 1 1 8 6 13 4 9 34 7 12 29 4 33 8 6 4 9 7
20
20
10 11 2 16 17 1 3 15 14 8 6 13 4 9 7 12 5
181 72 72 72
20
205 174 174
10 11 2 3 1 14 16 17 15 8 6 13 4 9 7 12 5
10 11 2 16 17 1 3 14 15 8 6 13 4 9 7 12 5
10 11 2 3 1 14 16 17 1 15 8 6 13 4 9 5 7 12
20
20
20
10 11 2 3 1 14 16 17 1 15 8 6 13 4 9 7 5 12
20
10 11 2 3 1 14 16 17 1 15 8 6 13 4 9 22 7 12 5
10 11 2 16 17 1 3 15 14 8 6 13 4 9 7 12 5
10 11 48 13 4 8 6 4 9 7 12
10 11 2 16 17 1 3 15 14 1 8 6 13 4 9 7 12 5
10 11 2 3 1 14 16 17 15 8 6 13 4 9 7 12 5
10 11 2 3 1 14 16 17 1 15 8 6 13 4 36 9 7 12 5
10 11 2 16 17 15 3 14 8 6 13 4 9 7 12 5
10 11 2 3 1 14 16 17 1 15 8 6 13 4 9 7 12 5
10 11 2 3 1 14 16 17 1 15 8 6 13 4 9 7 12 5
10 11 35 13 4 42 8 6 4 9 43 7 12
320 64 64 64
20
20
10 11 2 3 1 14 16 17 1 15 1 8 6 13 4 9 7 5 12
20
10 11 2 3 1 13 4 25 8 6 4 9 27 26 7 12 5
10 11 2 3 1 14 16 17 1 15 8 6 13 4 9 7 12 5
10 11 2 3 1 14 16 17 1 15 8 6 13 4 9 5 7 12
10 11 2 3 16 17 14 15 8 6 13 4 9 7 12 5
235 104 104 104
10 11 2 3 1 14 16 17 15 8 6 13 4 9 5 7 12
10 146 145 162 161 7 12
10 11 2 3 1 14 16 17 1 15 8 6 13 4 5 9 7 12
10 11 2 16 17 1 3 15 14 8 6 13 4 9 7 5 12
20
20
10 11 2 3 1 14 16 17 1 15 8 6 13 4 9 7 12 5
10 11 2 2 2 2 16 17 1 3 1 3 1 3 14 14 14 15 3 14 23 5 5 5 5 32 32 32 31 31 31 31 39 39 39 38 6 8 6 13 4 9 34 7 12
10 11 2 3 16 17 14 15 8 6 13 4 9 7 5 12
44 10 11 2 3 1 14 16 17 15 1 8 6 13 4 9 7 12 5
10 11 2 16 17 1 3 15 14 8 6 13 4 9 7 12 5
20
10 11 2 16 17 1 3 14 1 15 8 6 13 4 9 22 5 7 12
20
20
10 11 2 16 17 1 3 15 14 8 6 13 4 9 22 5 7 12
10 11 2 16 17 1 3 15 14 8 6 13 4 9 7 12 5
10 11 2 3 1 14 16 17 1 15 8 6 13 4 9 22 7 12 5
10 11 2 3 1 14 16 17 1 15 8 6 13 4 9 22 5 7 12
10 11 2 3 1 13 4 25 8 6 4 9 27 26 7 12 5
10 11 35 13 4 42 8 6 4 9 43 7 12
20
20
20
20
10 11 2 3 1 14 16 17 1 15 8 6 13 4 9 5 7 12
10 11 2 16 17 1 3 15 14 8 6 13 4 9 7 12 5
10 11 35 13 4 42 8 6 4 9 43 7 12
20
10 11 2 3 1 13 4 25 8 6 4 9 27 26 7 12 5
10 11 28 2 2 2 2 3 3 3 3 1 1 1 1 23 5 5 5 5 1 1 1 1 1 8 6 13 4 9 7 12 29 4 33 8 6 4 9 7
10 11 2 3 1 14 16 17 1 15 8 6 13 4 9 36 7 5 12
10 11 2 3 1 14 16 17 15 8 6 13 4 9 7 12 5
10 11 2 16 17 1 3 15 14 8 6 13 4 9 22 7 12 5
10 11 2 16 17 1 3 15 14 8 6 13 4 9 7 12 5
10 11 2 2 3 3 1 1 8 6 13 4 9 7 12 5 5
20
20
301 115 115 115
10 11 2 3 1 14 16 17 1 15 8 6 13 4 9 7 12 5
10 11 2 3 1 14 16 17 15 8 6 13 4 9 7 12 5
20
10 11 2 3 1 14 16 17 1 15 8 6 13 4 9 7 12 5
10 11 2 3 1 14 16 17 1 15 8 6 13 4 9 7 12 5
10 11 2 3 1 16 17 14 1 15 8 6 13 4 9 22 5 7 12
10 11 2 3 1 14 16 17 15 1 8 6 13 4 9 7 5 12
266
10 11 2 3 1 14 16 17 1 15 8 6 13 4 36 9 7 12 5
10 11 2 3 1 14 16 17 1 15 8 6 13 4 9 7 12 1 5
10 11 2 16 17 1 3 15 14 8 6 13 4 9 7 12 5
10 11 2 16 17 1 3 15 14 8 6 13 4 9 7 12 5
10 11 2 16 17 1 3 14 15 8 6 13 4 9 7 12 5
20
10 11 2 1 3 16 17 14 15 8 6 13 4 9 7 12 5
20
10 11 2 3 1 14 16 17 1 15 1 8 6 13 4 9 7 12 5
20
10 11 2 3 1 14 16 17 15 8 6 13 4 9 5 7 12
20
10 11 2 3 1 14 16 17 1 15 8 6 13 4 9 7 12 5
10 11 2 3 1 14 16 17 1 15 8 6 13 4 9 7 12 5
10 11 2 3 1 14 16 17 15 8 6 13 4 9 7 12 5
10 11 2 16 17 15 1 3 14 8 6 13 4 9 7 45 12 5
20
20
10 11 2 3 1 14 16 17 1 15 8 6 13 4 9 7 12 5
10 11 2 16 17 1 3 15 14 8 6 13 4 9 36 5 7 12
10 11 2 3 1 14 16 17 1 15 8 6 13 4 9 7 12 5
20
10 11 28 2 2 2 2 3 3 3 3 1 1 1 1 23 5 5 5 5 1 1 1 1 8 6 13 4 9 34 7 12
10 11 2 16 17 1 3 15 14 8 6 13 4 36 9 7 5 12
20
10 11 2 16 17 1 3 14 15 8 6 13 4 9 7 12 5
20
10 11 2 16 17 1 3 15 14 8 6 13 4 9 7 12 5
10 11 2 16 17 1 3 14 15 8 6 13 4 9 7 12 5
10 11 35 13 4 8 6 4 9 7 12
20
10 11 2 3 1 14 16 17 1 15 8 6 13 4 9 7 12 5
10 11 2 16 17 1 3 14 15 8 6 13 4 9 7 12 5
10 11 2 3 1 14 16 17 1 15 8 6 13 4 9 7 12 5
20
10 11 2 3 1 14 16 17 1 15 8 6 13 4 9 7 5 12
10 11 2 3 1 14 16 17 1 15 8 6 13 4 9 7 12 5
10 11 2 16 17 1 3 14 15 8 6 13 4 9 22 7 5 12
20
204
10 11 2 3 1 16 17 14 15 8 6 13 4 36 9 7 12 5
10 11 2 3 1 13 4 25 8 6 4 9 27 26 7 12
10 11 2 3 1 14 16 17 15 8 6 13 4 9 7 12 5
20
10 11 2 3 1 14 16 17 1 15 8 6 13 4 9 7 12 5
10 11 2 3 1 14 16 17 1 15 8 6 13 4 36 9 7 12 5
20
10 11 2 16 17 1 3 15 14 8 6 13 4 9 7 12 5
20
10 11 2 3 1 14 16 17 15 8 6 13 4 9 7 12 5
10 11 2 3 1 14 16 17 1 15 8 6 13 4 9 7 12 5
10 11 28 2 2 2 2 3 3 3 3 1 1 1 1 23 5 5 5 5 1 1 1 1 1 1 1 29 13 4 25 8 6 4 9 27 26 7 12 8 6 4 9 7 1
20
10 11 2 3 1 14 16 17 15 8 6 13 4 9 7 12 5
10 11 2 3 1 14 16 17 1 15 8 6 13 4 9 7 12 5
10 11 2 3 1 14 16 17 1 15 8 6 13 4 9 7 5 12
10 11 2 16 17 15 1 3 1 14 8 6 13 4 9 7 12 5
10 11 2 16 17 1 3 15 14 8 6 13 4 9 7 12 5
10 11 28 2 2 2 2 3 3 3 3 1 1 1 1 23 1 5 5 5 5 1 1 1 1 29 13 4 25 8 6 4 9 27 26 7 12 8 6 4 9 7
10 11 2 3 1 14 16 17 15 8 6 13 4 9 7 5 12
20
20
10 11 2 3 1 14 16 17 1 15 8 6 13 4 9 7 12 5
10 11 2 16 17 1 3 15 14 8 6 13 4 9 7 12 5
20
20
20
10 11 2 16 17 1 3 15 14 8 6 13 4 9 7 12 5
10 11 2 3 1 14 16 17 1 15 8 6 13 4 9 7 12 1 5
10 11 2 16 17 1 3 14 15 8 6 13 4 9 22 5 7 12
20
20
10 11 2 16 17 1 3 14 15 8 6 13 4 9 7 12 5
20
20
10 11 2 16 17 15 1 3 14 8 6 13 4 9 22 7 12 5
208 176 176
10 11 2 16 17 1 3 14 15 8 6 13 4 9 7 12 5
10 11 2 2 16 17 1 3 1 3 14 15 14 23 5 5 32 32 31 31 38 6 38 6 8 6 13 4 9 7 12
20
20
20
10 11 2 3 1 14 16 17 15 8 6 13 4 9 7 12 5
10 11 2 3 1 14 16 17 1 15 8 6 13 4 9 7 12 5
10 11 2 16 17 1 3 14 15 8 6 13 4 9 7 12 5
10 11 2 3 1 14 16 17 1 15 8 6 13 4 9 7 12 5
10 11 2 3 1 14 16 17 15 1 8 6 13 4 9 7 22 12 5
10 11 2 3 1 14 16 17 1 15 8 6 13 4 9 7 5 12
20
10 11 2 2 2 2 3 3 3 3 1 1 1 1 28 23 5 5 5 5 1 1 1 1 8 6 13 4 9 7 34 12 29 4 33 8 6 4 9 7
10 11 2 16 17 1 3 14 15 8 6 13 4 9 7 12 5
20
10 11 2 3 1 14 16 17 1 15 8 6 13 4 9 7 12 5
20
10 11 2 16 17 1 3 15 1 14 8 6 13 4 9 7 12 5
20
202 133 133 133
10 11 2 16 17 1 3 15 14 8 6 13 4 9 7 12 5
248 169 169
20
10 11 2 3 1 14 16 17 1 15 8 6 13 4 9 7 12 5
20
20
321 65 65 65
10 11 2 2 3 3 1 1 14 14 16 17 1 1 15 1 314 8 6 13 4 9 7 12 5 5
20
10 11 2 3 1 14 16 17 1 15 8 6 13 4 9 7 12 5
10 11 2 3 1 14 16 17 15 8 6 13 4 9 7 12 5
10 11 2 3 1 14 16 17 1 15 8 6 13 4 9 7 12 5
20
20
20
11 2 3 1 13 4 25 8 6 4 9 27 26 7 12 5
10 11 2 16 17 1 3 15 14 8 6 13 4 9 7 12 5
10 11 2 3 1 14 16 17 1 15 8 6 13 4 9 7 12 5
20
188 123 123 123
10 11 2 2 2 2 3 3 3 3 1 1 1 1 28 1 23 5 5 5 5 1 1 1 1 29 1 13 4 25 8 6 4 9 27 26 7 12 1
10 11 2 3 1 13 4 25 8 6 4 9 27 26 7 12
10 11 2 16 17 1 3 15 14 8 6 13 4 9 22 7 12 5
10 11 28 2 2 2 2 3 3 1 3 3 1 1 1 23 5 5 5 5 1 1 1 1 1 1 1 29 13 4 25 8 6 4 9 27 26 7 12 1 8 6 4 9 7
20
10 11 2 16 17 1 3 14 1 15 8 6 13 4 9 7 12 5
10 11 2 3 1 14 16 17 1 15 8 6 13 4 9 7 12 5
10 11 2 3 1 14 16 17 1 15 8 6 13 4 9 7 12 5
20
10 11 2 3 16 17 1 14 1 15 8 6 13 4 9 7 12 5
20
10 11 2 3 1 14 16 17 15 1 8 6 13 4 9 7 12 5
20
10 11 2 3 1 14 16 17 1 15 8 6 13 4 36 9 7 12 5
10 11 2 3 1 14 16 17 1 15 8 6 13 4 9 7 12 5
10 11 2 3 1 14 16 17 1 15 8 6 13 4 9 7 12 5
10 11 2 16 17 1 3 15 14 8 6 13 4 9 7 12 5
10 11 2 16 17 1 3 15 14 8 6 13 4 9 22 7 12 5
20
10 11 2 3 1 14 16 17 1 15 8 6 13 4 9 7 12 5
10 11 2 16 17 15 3 14 8 6 13 4 9 22 7 5 12
10 11 2 2 2 2 16 17 1 3 1 3 1 3 14 1 3 14 14 14 15 23 5 5 5 5 32 32 32 32 31 31 31 31 1 39 39 39 38 6 8 6 13 4 9 34 7 12
10 11 2 16 17 1 3 14 1 15 8 6 13 4 9 7 12 5
10 11 2 16 17 15 3 14 8 6 13 4 9 7 12 5
10 11 2 3 1 14 16 17 1 15 8 6 13 4 9 22 7 45 12 5
20
10 11 2 3 1 14 16 17 1 15 8 6 13 4 9 7 12 5
10 11 2 16 17 1 3 14 15 8 6 13 4 9 7 12 5
20
10 11 2 16 17 1 3 14 15 8 6 13 4 9 7 12 5
180 124 124 124
10 11 2 3 1 14 16 17 1 15 8 6 13 4 9 7 12 5
20
10 11 2 16 17 1 3 15 14 8 6 13 4 9 7 12 5
10 11 2 3 1 14 16 17 15 8 6 13 4 9 5 7 12
20