16 4 17 6 10 11 9 2
12 7 14 16 17 8 5 10 11 9
12 3 1 6 13 5 10 2 9
7 3 4 1 14 15 1 17 13 5 11 9 2
3 4 1 14 15 17 6 13 5 10 9 2
12 3 15 16 1 17 10 11 2
7 3 15 16 17 4 14 8 5 9 2
7 3 4 15 16 17 8 13 5 10 11
12 3 4 1 15 16 8 5 10 11 9 2
16 1 4 17 8 13 5 10 2
12 7 17 1 6 13 5 10 2
7 3 1 14 15 17 8 6 5 10 11 9 2
12 3 1 16 14 1 17 8 13 5 10 11 9
12 7 3 1 14 16 1 17 8 6 13 5 10 11 2
3 15 16 1 4 14 6 13 5 10 2 11 37 9
7 1 15 1 17 6 5 10 11 9
12 3 16 1 4 14 13 5 10 11 2
12 7 16 1 4 14 17 8 10 11
12 7 3 4 14 15 16 17 6 13 5 10 11 9 2
12 7 3 4 1 14 17 6 13 10 11 9 2
12 7 3 1 16 6 5 10 11 9 2 1
12 3 15 16 4 8 5 11 9 2
12 4 14 15 16 8 6 5 9 2
12 7 3 16 1 14 17 13 10 9
12 7 4 1 14 16 1 17 1 8 6 13 5 10 2
12 14 15 17 8 13 5 10 2 9
3 16 1 4 17 6 5 11 2
12 7 15 16 1 4 17 1 14 8 5 11 9 2
12 3 4 1 14 15 17 8 13 2 11
12 7 15 16 8 6 5 10 2
12 7 3 16 1 14 17 6 13 5
12 7 1 14 15 16 1 17 8 5 10 11 2 9
3 4 1 15 16 17 8 6 10 9 2
12 7 4 15 16 17 6 9 2
12 7 15 16 1 17 8 6 5 10 11 9 2
12 7 3 17 1 8 6 10 19 9 2
7 4 14 15 16 17 6 5 10 11 2
7 15 16 1 4 17 14 6 13 5 11 9
12 7 3 15 16 1 4 17 8 13 5 30 10 11 9 2
7 3 16 1 4 14 6 10 2
12 3 14 16 1 8 13 10 2
1 14 15 16 1 17 5 10 11 2
3 16 1 1 17 5 10 9
7 4 1 14 1 8 6 13 10 11 2
7 3 1 14 15 16 1 17 8 13 10 11 9 2
15 16 17 8 13 9
12 1 6 10 9
7 1 14 1 17 8 9 2
12 7 3 1 17 14 6 5 11 2 9
12 3 15 16 13 5 19 11 2
12 7 3 15 16 8 13 5 10
36 7 4 14 15 1 17 8 6 13 10 1 2
3 1 14 15 16 6 13 30 10 2 11 9 1
12 7 3 15 16 17 1 14 6 13 5 10 9 2
12 7 4 1 14 15 1 17 8 6 11 9
12 7 14 15 16 17 1 8 10 11 9 2
12 16 4 14 17 6 5 10 11 2
7 4 14 15 17 8 5 10 11
12 7 3 15 16 1 4 14 17 6 13 11 9
12 4 1 15 1 6 13 10 11 2 1
7 3 4 1 15 16 1 6 13 5 11 9
7 3 4 16 8 13 5 10 9 2
12 4 1 15 8 5 11
12 7 1 14 17 1 8 5 10 9
7 3 4 1 15 16 6 5 9 2
7 3 4 14 8 10 11 9
12 7 1 14 1 17 8 6 13 5 10 11
12 4 14 15 16 17 8 6 13 5 11 9
12 3 4 14 16 8 13 5 11 2
7 3 1 14 16 8 6 13 10 9 2
12 3 15 16 1 1 8 6 5 10 11 9
1 1 8 5 10 9 2
7 3 15 16 1 4 17 8 6 11 9 2
12 3 15 16 17 14 8 13 5
7 3 15 16 4 17 14 13 5 11 2
7 3 1 14 15 16 1 17 6 13 5 10 2
12 7 3 4 1 14 15 1 17 8 10 11 2
3 4 1 14 15 16 6 5 11 9 2
12 7 4 1 14 16 13 9
3 15 1 11 9 2
7 3 1 16 1 17 8 13 9 2
12 7 3 1 16 8 13 5 10 2 9
1 15 16 1 17 8 10 11 9 2
12 3 4 1 14 15 17 8 6 19 2
12 3 1 14 17 8 6 13 5 10
7 3 4 1 14 15 16 1 8 6 13
12 3 15 16 1 4 14 6 13 11 9 2
36 12 7 3 15 1 4 8 6 13 5 11 9 2
12 7 1 14 16 17 8 6 13 9
12 7 4 1 15 16 1 17 5 10 11 9 2
7 16 17 14 6 13 9
7 1 14 15 16 1 17 8 6 13 10 11 2
3 15 17 4 5 10 11 2 9
12 7 3 14 8 6 13 5 11 9
12 7 14 15 16 1 13 5
4 14 15 16 17 8 6 5 9 2
12 7 1 14 15 1 17 6 5 10 11
7 15 8 6 13 10 11
7 16 1 4 17 14 6 13 5 10 11 9 2
12 7 4 16 17 5 10 9
12 7 3 1 14 8 6 13 5 11 9 2
12 4 15 1 6 13 5 9 2
12 7 3 4 1 15 16 8 13 5 10 9
12 3 4 1 14 15 1 17 8 6 13 19 11 2
12 3 14 17 8 13 5 10 11
12 7 3 1 15 8 13 30 10
3 4 1 15 16 1 17 8 6 13 5 9 2
12 7 3 1 14 15 16 1 6 13 11 9
12 3 15 16 17 14 8 6 10 11 37 9
12 7 3 15 6 13 10 11 2
12 3 4 15 1 17 8 5 10 11
12 3 15 16 1 4 17 14 8 6 13 5 11
12 3 4 14 16 1 8 6 5 10 11 9
3 1 14 15 16 1 17 8 11 9 2
7 3 4 15 17 8 6 13 5 11 9
7 3 4 17 14 6 13 5 11
12 7 3 1 4 14 8 5 11 9
12 7 3 16 1 4 6 13 5 2
7 3 15 1 17 6 13 11 9
12 7 15 4 8 6 5 2 9
12 3 14 15 1 17 8 13 19 2
12 7 4 1 16 1 17 8 5
12 7 3 4 14 8 13 5 10 11
12 7 3 1 14 15 17 5 11
12 7 3 1 17 8 11 9
12 7 3 16 1 4 17 8 30 10 2
12 4 14 16 17 6 13 5 11 9 2
12 7 4 14 15 16 17 6 5 10 11 9
12 7 3 16 14 17 5 10 2
12 7 3 4 14 15 17 10 19 11 9 2
12 7 1 14 15 1 17 8 13 10 9
7 3 4 11 9 2
15 1 4 14 17 8 6 5 11 9
12 4 1 6 5 2
7 3 4 1 14 15 16 1 17 6 13 10 11 9
12 7 15 16 4 14 1 6 5 10 2 9
12 7 4 17 13 5 10 11
3 4 1 14 1 6 13 5 10 2 11 9
7 3 15 16 1 17 6 10 9
3 15 16 14 17 8 6 13 5 11 9
7 3 4 1 14 15 16 1 8 6 13 5 10 11 9 2
12 15 1 4 14 17 8 6 13 5 2
12 15 1 14 6 13 5 2
7 3 16 1 17 14 8 6 10 9 2
7 3 15 16 1 4 17 14 8 6 5 10 9 2
15 8 5 10 11 2 9
7 3 15 16 1 4 8 6 5 2 9
12 1 14 15 1 8 13 5 10
12 7 3 4 1 15 16 1 6 13 5 9 2
12 3 15 16 1 14 17 5 10 11 9 2
7 3 4 1 14 15 16 17 8 6 5 11 9
12 7 3 15 4 17 8 6 13 5 11
12 7 3 15 16 1 4 14 8 6 10 19 11
12 7 4 1 14 15 16 1 6 13 5 10 2
7 1 14 16 1 17 1 8 6 5 10 11 9 2
12 7 4 14 15 1 17 8 6 13 5 10 11
3 4 14 15 1 6 5 2
12 7 3 16 1 6 13 5 10 9 2
12 3 4 1 14 15 16 17 8 6 2 9
12 7 3 4 17 14 13 5 9 2
12 7 4 15 17 8 11 2
3 4 1 14 1 17 8 6 13 10 9 2
12 7 4 14 15 5 11 9 2
12 7 3 1 14 15 16 17 6 13 10 11 2
7 3 1 14 16 1 17 8 6 13 5 10 11 9 2
7 3 4 17 14 8 13 5 11 2
12 3 15 4 17 14 8 6 13 5 11 2
12 4 1 14 15 6 13 5 9
12 15 16 1 4 14 8 13 10 11 2
12 7 1 15 16 8 6 5 30 9
12 7 15 4 14 8 10 19 2 9
7 14 15 16 1 17 1 8 6 5 10 11 2
12 3 4 1 14 15 1 17 8 6 13 5 10 11 9
12 7 3 4 14 15 1 6 5 10 2
7 3 4 1 16 1 6 10 9 2
12 7 3 1 14 8 6 13 10 11 2
12 3 16 4 14 1 8 13 10 11
7 3 1 14 16 1 17 8 6 13 5 10 11 2 9
12 7 3 1 14 15 16 6 5 10 11 9 2
12 3 4 1 15 17 8 6 13 10 2
15 16 1 4 17 14 6 13 10 2
3 15 16 1 17 8 6 13 11 9
12 4 17 14 8 5 9
12 3 4 14 15 1 8 6 13 2
7 16 1 4 17 14 13 5 10 11 9 2
12 3 1 4 17 14 8 6 13 5 10 19 11 2
12 7 3 14 16 1 17 8 13 5 30 9 2
12 7 3 1 14 15 16 1 17 8 13 5 2
7 3 15 16 17 8 6 13 10
7 4 15 16 1 13 5 11 9
7 1 14 15 16 1 8 6 13 10 11 9 2
12 7 4 1 15 16 1 8 6 5 10 11 9 2
12 7 3 16 1 4 14 8 6 13 2
12 7 14 15 16 8 6 13 11
36 15 16 1 4 14 8 6 13 11 2 9
3 16 4 6 13 11 9 2
12 16 14 1 17 8 13 5 10 11 2
12 15 16 17 6 5 10 11 9
7 15 16 1 17 8 5 10 11 9 2
14 15 16 17 8 6 13 11 9
7 1 14 15 1 6 13 30 10 11
12 3 1 14 15 17 8 6 5 11 9
7 1 8 13 10 11 9 2
12 7 15 1 4 17 5 9
12 7 3 15 8 6 5 10 11 9
12 3 4 1 15 16 17 1 8 6 13 5 10 11 2 9
12 7 3 4 15 1 8 10 2
7 3 16 4 8 6 5 11 2
12 3 1 4 17 14 8 6 13 11 9
7 3 15 16 4 6 13 5 11 9 2
3 15 1 4 14 1 17 6 13 11 9 2
12 1 15 16 8 6 5 10 9 2
3 1 14 15 16 1 17 8 6 13 9
12 7 3 15 16 1 17 13 5 11
3 15 16 4 14 8 6 13 10 2
12 7 15 16 1 4 8 10 11 9 2
7 3 16 1 6 5 11
7 3 1 14 15 16 8 10 9 2
12 4 1 15 16 1 17 6 5 10 9
12 16 4 14 8 6 5 10 2
7 3 15 14 17 6 5 10 19 9
12 7 16 1 14 8 9 2
3 15 16 1 4 14 8 13 5 11
12 7 3 1 14 15 16 17 8 6
12 3 4 1 13 5 9 2
7 15 17 11 9
12 3 4 1 14 15 17 1 8 13 5 11 9
12 7 3 4 14 8 13 10 9 2
12 7 3 4 14 1 17 6 10 11 9
12 3 16 1 4 8 13 5 10 2
3 1 14 1 17 13 5 10 9
12 7 3 15 1 8 6 10 11 9 2
12 7 3 15 8 6 13 5 11 9
7 3 15 16 1 4 1 8 6 13 5 11 2
3 15 16 4 14 8 10 2 9
7 4 14 1 17 8 6 5 10 11 9 2
12 7 1 14 15 17 6 13 9
7 4 1 14 15 16 1 11 2
1 14 16 17 13 5 10 2
12 7 1 14 15 16 1 6 10 9 2
12 7 4 14 15 16 1 17 8 6 5 10 11 9
12 7 16 1 17 6 5 11 9
12 7 3 1 16 17 10 11 9
12 7 3 4 16 17 6 13 5 9 2
7 3 4 15 17 6 13 5 11 2
12 4 1 16 17 1 8 13 5 10 11
1 14 15 16 17 5 11
12 7 3 4 1 15 16 1 17 6 13 19 11 2
12 3 4 1 14 16 17 8 6 13 9
12 7 3 1 14 15 1 17 6 5 10 11 9 2
4 14 16 8 6 10 9
12 7 3 14 16 13 5 10 9 2
12 7 4 16 1 14 1 17 8 13 10 11 9 2
12 15 16 1 4 17 14 8 13 5 10 19 11 2 9
3 1 14 1 17 8 6 13
12 7 4 1 14 15 1 17 6 10 11
12 7 4 1 6 10 2
7 4 1 14 15 1 17 8 6 5 10 11 9 2
12 4 15 16 8 6 13 5 10 11
15 1 5 11 9 2
12 7 4 14 6 5 2 9
7 3 15 14 17 6 13 10 2 11
7 3 1 4 14 17 8 5 9 2
7 15 16 6 13 11 9 2
12 7 3 4 1 14 15 16 17 8 13 5 10 11 2 9
12 3 4 14 15 17 10 9 2
12 3 16 17 14 13 5 10 2
7 3 4 15 17 1 8 5 10 11
16 17 8 6 13 5 19 9
12 7 15 1 4 14 8 6 5 19 11
7 4 1 14 15 1 17 8 13 11 2
12 3 16 1 4 14 6 5 10 9 2
12 7 4 1 14 15 16 17 8 6 11 2
1 14 15 16 1 6 5 10 11 2
12 7 3 1 16 8 13 5 11 9 2
12 3 15 1 14 1 8 6 5 10 9 2
12 7 3 15 16 1 17 14 8 2 9
3 15 16 17 8 13 5
7 1 14 15 16 1 6 5 30 11 9
3 4 1 16 1 8 13 9 2
3 15 1 4 8 6 5 9
12 16 1 4 17 6 5 9
7 3 4 1 15 16 17 6 13 11 9
12 7 15 16 4 17 8 6 13 9 2
12 7 3 14 15 17 8 6 5 10 2
15 16 1 17 14 8 13 11 2
7 3 4 14 17 8 6 13 10 11 2
7 14 16 1 17 6 13 10 11 9
15 4 14 8 13 5 10 11
12 7 3 15 16 1 4 17 8 6 13 5 10 11 2
12 3 4 14 15 16 17 8 6 5 10 2
12 7 3 4 1 14 15 13 5 10 9
12 3 14 16 17 8 6 5 11 9
12 7 3 4 16 13 5
12 3 14 6 13 5 11 9
3 1 15 5 19 11 9
12 7 3 1 14 15 8 6 5
12 7 3 14 15 16 1 1 8 13 10 11 2
7 3 4 1 14 16 1 17 8 6 5 10 11 9
3 4 1 14 1 17 6 5 11 9 2
12 3 15 16 4 17 13 5 10 11 2
12 3 1 15 16 1 6 13 5 11 2
12 3 15 16 1 8 13 5 10 11 9 2
7 3 15 16 17 8 5 10
12 7 3 4 14 15 6 13 5 10 9 2
12 7 3 1 14 15 17 8 6 9
12 7 15 1 4 14 17 8 6 9 2
3 15 16 1 4 8 6 13 10 11 9
3 16 4 14 17 6 5 10 2
12 7 3 16 17 8 13 5 10 2
7 3 4 1 14 16 17 8 6 13 5 19 2
7 3 16 17 8 6 10 11 9
12 7 4 1 15 16 1 17 8 5 10 9
12 7 3 4 1 14 15 17 6 13 5 10 9
3 4 1 6 5 10 11 2
12 7 3 16 1 8 13 11 2
12 7 3 4 1 14 15 16 1 8 5 10
12 4 1 14 17 8 6 13 5 9 2
12 1 15 16 17 13 5 2
7 3 4 1 15 1 17 5 10 2 11 9
7 3 4 14 16 17 8 5 30 10 9 2
7 3 17 4 14 8 6 13 5 10 2
12 3 4 1 14 15 8 6 13 10 11 9 2
7 3 15 1 4 14 13 5 10 9 2
7 3 15 16 1 4 14 8 6 5 10 9 2
12 7 3 4 14 15 16 17 6 13 5 9
3 1 14 16 1 6 11 9 2
3 4 1 15 14 1 17 8 6 13 10 2 11 9
7 3 1 17 8 6 13 5 11
12 7 14 15 17 8 6 13 11 2
12 7 4 1 8 6 13 10 11 9 2
1 14 15 16 17 8 6 13 5 2
12 3 4 1 15 17 8 13 5 19 11 9 2
12 3 4 14 15 1 17 6 13 5 10 11 9
12 3 4 8 6 13 10 9
12 7 3 4 1 14 15 16 17 8 13 5 10 9 2
7 3 1 17 6 5 10 9
12 3 4 1 14 15 17 8 10 2
7 3 1 17 8 6 5 10 9 2
12 3 1 4 8 13 10 9
7 3 4 1 16 17 6 13 5 11
12 7 3 14 8 10 11 9
7 3 16 1 4 17 14 1 6 13 10 11 2 9
7 3 15 16 1 8 13 5 10
12 7 3 1 15 8 13 11 2
12 7 16 4 14 8 6 10 11 9 2
3 17 6 5 10 19 2
7 14 15 16 17 8 6 10 11 2
12 7 15 16 1 6 13 9
7 3 15 1 17 14 1 8 6 10 11 9 2
36 12 3 4 1 14 16 17 8 6 13 2 11 9
12 7 15 14 8 6 5 1 2
12 7 3 16 1 4 8 13 5 11 9
7 15 16 4 17 14 6 13 10 2
3 15 1 4 14 6 5 9
3 4 17 5 10 19 11
12 7 3 4 1 15 17 6 10 9 2
12 7 4 1 14 16 1 8 6 5 10 11 9 2
12 14 15 1 8 6 13 10 11 9 2
12 7 4 1 14 15 17 1 6 13 5 10 19 11 37
12 16 4 17 6 13 5 11 2
3 4 1 14 15 16 17 8 6 13 11 9
12 7 3 4 1 14 15 16 1 8 6 10 11
12 7 3 4 1 1 8 13 5 11 9 2
7 16 4 17 14 8 6 13 11 9 2
12 7 3 14 16 8 6 10 2
7 3 4 1 14 15 1 17 8 6 13 11 2
3 4 1 14 15 16 17 6 13 5 9 2
12 3 15 16 4 6 13 5 11 9
7 3 16 1 14 8 13 5 10 2
12 4 1 14 15 16 8 6 13 5 10 11 2
7 3 4 17 8 6 13 11 9 2
12 1 14 15 16 1 17 8 13 5 9
7 15 17 1 4 8 13 5 10 11 9 2
12 3 4 17 6 13 5 11 2
7 3 15 16 14 8 10 2 11 9
12 7 3 4 1 14 15 1 17 8 6 5 10 11 2
3 15 4 8 13 5 2
12 7 3 15 16 1 17 14 6 5 11 9 2
12 7 3 16 4 6 5 10
12 14 15 16 1 17 8 13 5 9 2
12 7 14 8 6 5 11 2
3 1 14 15 16 6 13 10 9 2
12 7 3 4 1 1 8 6 13 10 2
7 4 1 14 15 16 17 8 6 13 10 2 11
7 15 16 8 6 13 10 11 9 2
12 7 16 14 8 5 9
3 15 16 1 17 8 6 5 10 9 2
12 7 15 16 1 8 6 13 5 9 2
7 3 4 1 15 1 17 6 5 11 19 9 2
12 7 3 4 1 14 15 1 8 13 5 10 2 9
12 7 3 1 4 17 8 6 13 5 10 11 2 9
12 7 3 4 1 14 15 16 6 13 11 2 9
12 7 14 16 1 17 8 6 13 5 9
7 3 4 14 15 16 17 8 6 5 11 9
7 1 14 15 16 1 17 8 6 2 11
7 4 1 14 15 16 1 6 13 5 2
7 3 1 14 15 16 17 6 5 2
12 3 4 1 14 8 13 5 10 9
3 16 17 4 14 8 6 13 5 11 9 2
12 3 1 14 17 8 6 13 11 9 2
12 7 1 14 16 8 6 13 10 9 2
12 7 4 1 14 15 16 13 11
12 7 3 14 15 1 17 8 6 13 5 10 11 9 2
12 7 3 4 1 14 15 16 10 2
12 7 3 4 1 16 17 6 13 5 10 11 9 2
3 16 1 4 14 17 1 8 6 5 2 11 9
12 7 3 4 14 15 1 17 8 10 37 2
7 3 16 14 8 13 5 11 9
12 3 4 1 15 16 6 13 5 10 11 9 2
12 3 14 15 1 17 6 13 9 2
12 7 3 4 1 14 16 17 6 10
7 3 1 4 17 14 1 6 13 10 11
12 7 3 15 16 1 14 17 5 11 2
7 3 15 17 14 1 8 13 5 10 11 9
7 3 15 1 4 17 14 8 6 10 11 2
7 15 8 13 10 2 9 1
12 7 3 1 15 6 13 5 10 9
12 7 3 4 1 15 16 17 8 13 5 10 11 9
12 7 3 4 1 16 1 13 5 10 2 9
3 1 15 16 17 13 30 10 11 9
12 15 1 4 17 8 9
12 14 16 1 17 8 6 5 2 9
7 4 1 16 17 8 13 10
7 3 1 4 14 8 6 5 10 11 2
3 4 1 15 16 8 6 5 10 2
12 3 14 16 1 17 6 11 9
7 14 17 1 8 6 5 11 9
12 7 4 1 15 17 6 10 11
12 7 3 4 1 14 16 1 17 6 5 10 11 9
7 3 4 1 16 8 6 13 10 11 2 9
4 1 14 15 1 17 8 6 5 10 9 2
12 7 3 15 4 14 8 6 13 11 2
12 7 3 1 14 6 5 10 2
4 1 14 16 1 8 6 13 11 2 9
12 3 15 16 1 4 14 6 5 10 11 9
3 4 14 1 8 13 10 11 19 9
12 3 16 1 4 14 8 5 11 9 2
12 3 1 17 13 5 10 9 2
12 3 4 1 14 15 17 8 6 13 10 2 11
12 7 3 4 1 14 15 16 1 17 8 6 13 5 11 2 9
7 3 15 16 1 4 17 8 6 10 11 9
7 15 16 17 14 8 13 5 10 11 9
12 7 3 4 14 15 16 13 5 10 11 2
7 3 17 8 10 11 9 2
12 7 15 1 17 8 13 5 10 11 2
12 1 15 16 1 17 8 6 10 19 11
12 7 4 1 15 1 8 11 9 2
12 1 17 8 6 13 11 9 2
15 16 14 6 13 5 19 9 2
12 7 3 15 16 4 14 8 6 13 5 10 19 2
12 7 3 4 15 16 17 6 13 10 2
12 7 3 4 1 15 1 17 8 6 5 10 11 2
7 3 14 15 1 17 8 6 13 11 9 2
7 3 4 1 14 15 16 1 17 8 6 13 5 10 11 9 2
7 3 16 4 8 6 13 10 11
7 3 4 14 15 16 1 13 5 10 11 9
7 3 1 14 15 1 8 10 9
1 15 16 1 17 8 13
12 7 3 1 14 15 1 17 8 6 5 10 9
7 3 1 14 15 16 1 17 6 13 11 2
12 7 1 16 1 8 13 5 10 11 9
12 7 3 1 14 16 6 13 5 10 9
3 14 15 16 17 8 13 5 10 2 11
3 1 15 16 13 11 9 2
7
12 7 15 16 1 17 14 8 5 10 2 11 9 1
12 7 3 4 1 14 15 16 1 8 13 5 10 2
12 7 3 15 16 1 4 17 13 11 9
7 3 15 16 1 14 17
7 3 4 14 15 16 17 8 6 5 10 9
12 7 3 1 14 15 16 1 17 1
12 7 15 16 1 4
12 7 3 4 1 14 15 16 17 1 8 6 5 10 11 9 2
7 3 15 4 14 8 6 5 19 2 11 9
12 3 16 1 4 14 8 6 2
3 1 16 1 8 9
3 1 14 8 5 10 11 9
12 3 4 6 9 2
12 3 1 15 14 17 6 2
3 4 1 14 15 16 1 13 5 11 9 2
7 14 16 9 2
12 3 4 14 15 16 17 8 10 2
12 3 1 14 15 16 8 13 10 11 9 2
12 7 3 1 6 5 10 11
12 7 4 1 14 15 16 17 8 6 5 9 2
12 7 3 1 16 1 17 8 6 13 10 11 2
12 7 3 15 16 1 4 14 8 13 5 10 9
12 7 3 15 4 14 8 6 13 5 11 9 2
12 7 4 14 15 1 8 13 10 11 9
12 7 3 15 16 1 17 8 6 13 11
12 7 3 4 14 16 17 8 6 13 10 11 2
12 7 3 1 14 15 1 8 6 10 2 9
7 1 15 16 8 5 10 11 9 2
15 4 17 6 5 10 2
12 7 15 4 17 14 2 11 9
12 7 3 4 1 14 15 1 13 5 10 2
12 3 1 14 15 16 17 6 5 2
3 4 1 14 15 16 1 17 6 13 11 9 2
7 1 14 16 8 6 13 9 2
7 3 15 16 1 4 17 14 13 5 10 9
12 7 3 15 8 13 10 11 2 9
12 7 4 1 14 15 16 1 8 13 10 2 9
7 3 14 15 16 8 13 5 11 2
7 15 17 6 13 5 10 11 2
3 1 15 16 1 17 8 6 13 5 10
7 3 16 17 8 13 9 2
14 15 16 1 13 5 19 11 2
12 7 3 1 14 15 16 1 17 1 13 5 11 9
12 15 16 1 4 14 8 6 5 10 11 9 2
4 1 14 16 1 10 11 9 2
12 7 15 1 17 14 8 13 10 19 2
12 7 4 14 16 1 8 6 13 5 30 9 2
7 3 4 1 14 17 8 6 5 11 9 2
12 7 3 4 1 16 1 8 13 9
12 15 16 1 4 17 14 8 6 9
12 1 14 16 17 8 5 10 11 9
12 15 16 4 14 10 11
4 8 6 13 10 11 9
7 3 4 1 14 16 1 17 8 5 10 2
12 7 3 4 1 15 8 6 13 5 10 11 9
7 3 4 1 16 1 17 8 6 5 10 11 9
3 4 1 14 16 17 8 6 13 10 9 2
1 14 15 16 17 8 6 13 5 11 9
12 3 4 14 15 8 5 10 9 2
7 16 1 4 14 5 10
12 7 4 1 15 16 1 17 8 10 19 11 9 2
1 15 11 2
12 3 4 1 14 15 1 17
12 7 4 1 15 16 8 6 5 19 11 9
12 15 16 1 14 8 6 10 11 2
12 7 4 1 14 15 16 1 8 6 13 5 2 11
12 7 3 4 1 17 13 5 10 9 2
12 7 3 4 1 15 1 8 6 13 5 11 9
1 14 15 16 1 17 6 5 30 11 2
12 7 3 1 17 6 13 5 9 2
3 14 17 6 10 11 9 2
12 7 3 14 15 1 8 6 5 11 9
7 3 15 16 1 4 14 6 5 11 9 2
12 7 3 4 1 14 15 1 8 13 10 2
12 7 16 8 6 13 11
12 7 3 15 16 1 4 17 14 8 5 10 9
7 3 1 17 6 13 11
12 7 15 16 1 17 6 13 5 10 9 2
12 7 3 1 14 16 6 5 9 2
7 3 14 8 13 10 11 2
7 1 15 17 8 13 5 11 9 2
7 3 1 1 8 13 10 9 2
7 4 1 15 1 17 13 5 11 9
12 7 17 8 13 5 9 2
12 7 4 1 16 6 5 10 2 11
12 7 14 15 16 1 8 6 13 11 2
3 14 15 17 8 6 13 5 10
36 12 7 15 16 17 14 8 13 5 10 11 9 2
12 7 15 1 4 14 8 6 13 10 19 11 9 2
7 3 15 16 1 4 8 6 13 5 10 2
12 7 3 1 16 8 6 13 5 11 9
12 7 3 1 16 1 17 5 2
12 7 3 8 5 10 11 9
12 3 16 1 14 17 8 13 11 9 2
7 3 15 16 1 4 17 6 13 5 11
7 4 14 15 16 17 1 5 19 2
7 3 4 1 17 13 10 9 2
12 4 14 15 16 17 6 13 5 10 2
3 4 1 14 1 8 30 9 2
12 7 3 15 1 4 14 5 10 11 2
7 1 15 17 6 10 11 9
12 7 3 14 16 1 8 6 5 11 2
12 7 1 14 16 8 13 5 11
12 3 4 16 8 6 13 5 11 2
12 3 4 1 14 16 17 8 6 11 2
12 7 3 16 4 17 14 8 6 13 11 9 2
12 3 4 1 14 15 16 1 17
12 7 15 16 14 17 8 6 13 5 2
12 7 3 4 1 14 16 1 8 10 9
12 3 1 14 15 1 17 8 6 10 2
7 3 4 1 17 6 5 10 11 9
7 3 1 17 8 6 10 9
12 3 4 14 15 16 13 5 10 11 9 2
12 7 16 1 4 8 6 5 11
4 14 15 16 8 13 10 11 9
12 7 3 1 4 8 6 5 10 11 9 2
7 4 1 15 1 17 8 6 13 5 10 11 9 2
4 1 16 8 6 5
7 15 17 4 14 6 13 5 1 10 9
12 7 1 15 17 8 6 13 5 10 9 2
3 4 14 15 16 1 17 8 5 11 9
3 4 1 14 15 16 17 8 13 10 9
7 4 1 14 15 1 17 8 6 13 10 11 2
3 16 17 8 6 13 5 10 11
7 14 15 8 6 13 5 9
15 4 17 14 8 6 10 9
7 4 1 14 17 13 5 10 9
12 7 3 16 1 4 8 6 13 10 9
15 4 17 13 10 11 9 2
12 7 3 16 1 4 14 8 6 13 10 11
4 15 16 17 8 6 13 10 9 2
12 1 15 16 1 8 6 13 5 11 9 2
12 7 3 16 17 13 10 11 9
12 3 14 15 16 8 6 13 5 10 11
12 1 14 15 16 1 17 6 13 10 11 9 2
15 4 14 17 6 13 5 10 2 11 9
12 7 15 17 14 8 6 13 5 2
12 7 3 16 17 14
12 7 3 15 16 4 8 6 5 10 2 11 9
12 7 3 4 14 8 6 13 5
7 4 1 14 16 1 17 8 9
4 1 17 6 5 10 2
12 7 3 1 14 17 8 13 5 11 9
7 3 4 17 8 11 9
3 16 1 17 10 9 2
15 16 6 5 10 9
12 3 15 1 17 8 6 13 5 10 11 9
15 16 4 17 14 8 6 5 10 2
12 3 4 15 16 1 17 8 6 5 11 9 2
7 3 15 16 14 6 13 10 11 9 2
12 7 4 17 8 10 11 9
12 7 3 4 1 14 16 13 5 10 11 2 9
7 3 1 15 17 8 6 13 10 9
12 4 1 15 1 17 6 5 10 9
12 7 4 1 15 8 13 5 10 11
3 4 1 16 1 8 6 5 11 9 2
12 7 3 4 1 15 16 17 8 6 10
12 3 14 15 16 1 8 5 10 9 2
12 7 3 15 16 17 4 14 6 5 11 9 2
12 3 1 15 1 17 6 5 11 9 2
12 7 3 4 1 14 15 16 17 8 6 13 5 11 19 9
12 7 15 16 1 14 8 13 5 10 2 11 9
7 4 1 15 16 6 13 5 11 9
12 7 3 15 1 4 14 8 13 5 10 9 2
3 4 15 16 1 17 13 5 10 9
12 15 5 10 9
12 7 3 16 14 13 5 11 2
12 7 3 15 16 1 17 13 5 10 11 9 2
7 3 14 15 1 17 8 6 5 10 11 2
12 3 14 16 8 5 9 2
12 3 4 15 17 8 6 13 9 2
4 1 14 1 17 6 13 5 10 2 11 9
12 3 4 1 14 16 6 13 5 2 11
7 4 1 15 1 17 1
7 3 4 14 15 16 1 17 8 6 5 9 2
7 3 15 16 1 5 9
12 3 4 15 17 8 6 13 5 2 10
12 7 3 15 1 17 8 6 13 5 10 9
14 16 17 8 5 11 9 2
12 7 15 16 1 4 17 14 8 13 5 10 2 9
3 15 1 4 14 8 10 11 9
7 1 14 15 17 6 13 5 10 11 9
3 4 17 2
7 1 14 1 17 8 6 13 9
7 3 1 14 15 16 8 13 10 2
7 15 16 17 14 8 13 5 9 2
36 7 3 4 1 16 17 8 6 10 9
12 7 4 1 14 15 16 1 17 8 6 10
1 8 6 13
12 7 1 17 8 5 10 11 9
1 15 17 8 6 13 5 10 2 9
12 7 3 16 17 8 6 13 5 10 2 11 9
12 7 15 16 1 17 14 6 13 5 10 11 9 2
12 7 3 16 17 1 4 14 8 6 13 5 10 11 9 2
12 7 1 15 16 1 17 8 6 5 10 11 2
12 4 1 15 16 1 13 5 30 11 37 9 2
12 7 3 1 4 17 14 6 13 10 11 9 2
7 1 14 8 13 5 11 9
36 12 4 1 14 15 1 11 2 9
7 3 15 16 1 4 14 6 5 10 11 2
16 8 6 13 5 10 9
12 7 3 16 4 14 6 13 5 10 9
12 7 3 4 1 14 16 17 1 13 2 9
12 7 4 1 14 15 16 1 17 8 5 11
12 3 4 14 16 1 17 8 6 13 5 11 2
7 3 4 14 15 16 17 1 8 11
15 4 14 8 6 10 2
12 7 4 1 15 8 10 9
12 3 4 14 15 16 1 17 5 10 19 11 9
3 1 17 8 6 13 10 11 9 2
12 7 3 1 14 15 17 8 6 5 2
3 1 14 15 16 17 8 13 5 9
7 3 4 1 14 17 8 6 5 10 2
12 7 4 1 14 16 1 17 8 6 13 10 11 9 2
12 4 14 15 16 1 17 13 5 10 11
7 15 16 14 8 5 11 2
7 3 4 14 16 1 17 8 5 10 11 2
3 4 1 14 15 16 1 17 8 5 10 11 2
12 4 1 14 16 1 17 6 5 2 11
4 1 14 15 17 8 13 5 10
7 3 1 14 15 17 8 6 13 10 11 2
